
1 0   0   0   0   0   0   0   0   
2 0   0   0   0   0   0   0   0   
3 -1  -3  -4  -1  -3  0   0   0   
4 -3  -1  1   -1  1   -1  1   1   
5 0   -3  -1  -3  1   1   1   -1  
6 -5  -2  -1  -1  2   3   2   0   
7 7   -2  -4  -2  -1  -5  -2  -1  
8 -9  -4  -4  -2  -2  -1  -2  1   
9 0   2   1   0   -2  -1  -2  -1  
10 0   1   -2  -3  -2  -1  0   -1  
11 8   1   0   0   1   0   0   -3  
12 -4  -2  0   -1  -1  0   -1  -2  
13 -1  -4  -5  -1  1   2   1   -3  
14 -3  -5  0   -1  -2  0   -1  0   
15 -4  -1  -2  -2  -2  -1  -1  -3  
16 1   1   2   0   1   -1  0   -1  
17 0   -1  -1  -2  -1  -1  -2  -1  
18 3   0   -1  0   -1  0   -1  0   
19 -3  -4  -4  -1  -5  -3  -1  0   
20 4   2   2   2   2   1   -1  1   
21 1   -2  2   1   2   1   -1  -2  
22 1   -3  -1  -2  -1  -4  -2  -1  
23 7   0   1   1   0   -2  -1  -2  
24 -4  -1  -3  -1  3   0   0   -2  
25 8   4   -1  -1  -1  0   1   0   
26 -7  -2  -2  -3  -1  0   0   -1  
27 -2  2   1   1   0   -1  -1  -1  
28 2   -3  -3  -2  -1  -2  -1  0   
29 3   -2  -5  -4  -3  -1  -2  -1  
30 -1  -3  -3  -3  -5  -3  -3  -2  
31 3   1   -3  -2  0   0   -2  -2  
32 -1  1   -1  0   0   1   -1  -1  
33 1   4   4   -1  1   -2  -1  0   
34 -10 -1  -2  0   -3  -2  -1  -1  
35 5   -2  -2  0   -2  -1  1   -1  
36 3   0   2   2   3   2   -2  -1  
37 2   8   1   3   -1  0   -1  -2  
38 4   3   0   1   1   1   -2  -1  
39 0   1   0   0   0   -2  1   -2  
40 4   2   -2  -2  -1  -3  0   -1  
41 2   -1  -2  1   -1  -1  -2  1   
42 -2  -1  -2  -1  -4  -5  0   -1  
43 0   -2  0   0   -4  -2  -2  0   
44 -5  -4  -4  -3  1   0   0   0   
45 -3  0   -1  -3  -3  -4  -2  -2  
46 1   -1  1   0   -2  -1  -1  -2  
47 15  -1  -2  0   0   0   -2  -3  
48 -7  -3  -5  -5  -5  -5  -2  -1  
49 -3  2   3   6   1   0   0   2   
50 -14 -7  -2  -3  -3  -1  -1  -2  
51 6   7   6   4   0   -2  -1  -1  
52 0   -3  -7  -2  0   -2  -2  -1  
53 0   0   -2  0   1   3   3   -2  
54 -6  -8  -5  -3  2   6   2   -1  
55 -9  3   9   8   5   3   0   -5  
56 -8  -5  -1  -4  -2  -3  -1  2   
57 2   -4  -4  -3  -4  -5  -3  -2  
58 -10 -6  0   -2  0   1   0   -1  
59 1   -1  0   -2  -2  -2  -2  -1  
60 1   -1  0   -1  -1  0   -1  -2  
61 2   3   -1  -2  -2  -1  0   1   
62 -5  -5  -3  -2  -2  0   0   0   
63 1   3   -2  -2  -1  -1  -1  2   
64 -2  1   0   2   1   2   0   1   
65 -2  1   2   1   -1  0   -1  -1  
66 3   6   8   6   1   -2  -3  -2  
67 2   4   6   6   3   3   -1  1   
68 -1  -3  -4  -4  1   -1  0   1   
69 4   5   3   3   0   -3  -2  -3  
70 0   13  14  12  1   -3  -1  -3  
71 17  8   9   4   0   0   -1  0   
72 -6  -5  -5  -2  -1  -1  -1  -1  
73 0   1   1   -2  -4  -4  -2  -2  
74 -2  -2  -1  -1  -3  -3  -1  -1  
75 -3  -3  -3  -2  -1  0   0   -2  
76 7   10  1   1   0   -1  0   -1  
77 -1  -5  -5  -5  -4  -6  -1  -1  
78 -4  -4  -2  -2  -1  -1  0   -1  
79 -2  -1  -2  -1  -2  -1  -1  -1  
80 -2  -1  -3  -2  -1  1   0   0   
81 -6  -5  -1  1   -2  0   -1  -1  
82 5   1   1   -1  -1  -3  -2  -1  
83 -3  -6  -4  -5  -1  0   -2  1   
84 -3  -1  1   -1  -3  -2  0   0   
85 -2  -2  0   0   2   1   -1  1   
86 2   0   -2  0   -2  -1  -1  2   
87 -12 -3  -2  -10 -9  -5  -8  -2  
88 3   0   -2  -4  -11 -3  -8  -2  
89 -7  8   1   4   3   -7  -6  13  
90 -4  -3  -3  -3  -4  -1  -1  -2  
91 -5  -2  -3  -3  -7  -1  -8  -20 
92 0   -1  0   0   8   3   -22 -8  
93 -4  -3  -3  -3  -7  0   4   -12 
94 1   9   -2  1   -1  -3  -4  0   
95 5   2   1   3   1   -4  -1  5   
96 -8  -2  -1  -1  -2  -2  3   -2  
97 1   1   1   1   -5  -3  -4  -3  
98 -7  -4  -1  -1  1   0   -2  -4  
99 -2  1   0   -1  -2  1   -4  0   
100 -3  -2  0   1   3   -3  -11 -6  
101 -6  -2  -3  -6  -5  -11 -3  3   
102 -2  -5  -2  -3  0   0   2   4   
103 6   -1  1   1   -3  2   4   0   
104 13  3   0   1   3   1   3   1   
105 8   6   3   2   6   0   1   -2  
106 -2  -1  -5  -3  -5  -2  1   -2  
107 1   -3  -1  -2  -5  -5  -1  4   
108 -5  -1  0   1   1   1   -2  -1  
109 6   -1  -2  -1  -3  0   7   18  
110 6   6   0   1   0   1   0   -3  
111 1   3   -1  0   -3  2   4   2   
112 -1  0   0   2   5   -2  -3  0   
113 12  1   -2  -4  -2  -3  1   -5  
114 -4  -1  -1  -3  1   -4  1   -4  
115 0   0   3   0   -4  -1  -2  0   
116 0   -7  -1  -1  1   -1  -17 1   
117 -1  -3  -2  0   1   1   3   -2  
118 5   3   1   -1  -4  -2  -1  0   
119 2   4   4   1   -2  -2  -4  -1  
120 4   0   -3  -7  -5  -1  -1  -1  
121 2   2   2   1   0   -1  -5  5   
122 0   -3  -4  0   -2  1   -2  1   
123 2   -4  -4  -10 -9  -2  -28 -5  
124 2   -3  -4  -3  -4  -6  -9  -3  
125 -8  -4  -2  -1  -3  -5  -3  0   
126 2   0   -1  -2  1   -2  -3  -4  
127 0   -2  -2  -2  -1  2   8   6   
128 2   -1  0   2   1   1   1   -2  
129 -1  -1  -1  -2  0   -1  1   -1  
130 -2  -2  0   0   1   -3  1   -13 
131 -5  -3  -1  -1  -2  -1  -5  -1  
132 -2  4   2   4   3   1   2   1   
133 5   -3  -2  -4  -2  5   0   0   
134 -1  -5  -4  -3  -4  -3  2   0   
135 6   0   -2  -4  -3  2   -2  -4  
136 -4  -4  -2  -1  -1  1   1   5   
137 -7  -3  -1  -1  -4  -2  1   5   
138 1   1   3   4   3   1   3   1   
139 -1  2   2   3   2   2   -3  -6  
140 -3  -5  -3  -2  -2  0   2   1   
141 0   -1  3   1   0   0   -4  -4  
142 -1  -1  -1  0   -1  -4  -2  4   
143 -2  -2  -3  -4  -4  -1  12  0   
144 -3  -3  -3  -3  -7  0   3   -4  
145 -1  -2  -2  -2  -4  -2  -18 -3  
146 -7  -3  -2  -1  0   -1  0   -1  
147 -6  -1  3   -1  -3  -2  2   4   
148 -4  3   2   0   -1  -1  -7  5   
149 -14 -1  1   1   2   -1  4   -2  
150 1   -8  -7  -4  -4  -2  -6  1   
151 -5  -5  -2  2   2   0   -6  -4  
152 -1  -1  2   1   2   -1  -4  -1  
153 -8  -2  -3  -1  -2  -2  -6  1   
154 -5  -5  -4  3   8   1   5   7   
155 -7  -7  -7  -5  -2  -2  -4  -1  
156 9   8   5   -1  -4  0   5   -2  
157 5   1   -2  -6  -11 -3  -1  -1  
158 -4  -3  1   -1  -2  1   3   -12 
159 0   -2  -3  -5  -3  -2  0   -2  
160 0   2   0   2   0   1   1   3   
161 0   1   1   2   0   -4  -1  0   
162 3   3   4   2   3   1   -7  -14 
163 1   -1  -2  -1  -3  -2  1   3   
164 7   1   -3  -1  -4  1   9   8   
165 1   -1  -1  1   3   1   4   3   
166 0   1   0   0   2   -1  5   -4  
167 2   0   2   3   2   -3  5   -1  
168 1   -3  -3  -2  -1  -1  0   2   
169 2   0   -1  0   -3  -2  -3  -4  
170 -5  -4  0   -1  -6  -3  -2  0   
171 -2  1   -1  0   1   3   -1  3   
172 1   -1  -3  -3  0   -1  1   1   
173 1   -2  -3  -2  -6  -2  2   4   
174 2   -1  -1  -2  -2  -3  1   -6  
175 1   -2  0   -2  -4  -1  4   1   
176 12  0   1   1   -1  -1  3   15  
177 -1  -2  -1  3   6   -2  -1  0   
178 -5  4   3   3   3   -2  2   -2  
179 -1  0   1   1   -2  0   -2  0   
180 -4  -3  -1  2   5   2   -1  -2  
181 -2  -4  0   0   0   -3  -1  0   
182 0   3   1   1   0   0   -1  -1  
183 -10 -6  -3  -3  -4  -1  -3  -1  
184 -2  -1  -1  -2  -2  0   -1  -1  
185 2   1   0   -1  -3  -1  1   -1  
186 1   -3  -4  -1  1   0   1   0   
187 -4  0   -2  -1  -2  -1  0   1   
188 -2  2   1   -1  0   -1  -2  -1  
189 -8  -5  -3  -1  0   -2  0   0   
190 -6  -2  -3  -1  -4  0   1   -1  
191 8   1   -2  -2  0   1   -2  -2  
192 1   -1  -3  -2  -2  0   0   0   
193 -3  -1  -2  1   -1  0   0   -1  
194 0   1   2   2   4   -3  -4  0   
195 -2  -4  -2  -3  -5  -3  0   -1  
196 -1  3   -1  0   0   1   0   0   
197 1   1   -2  1   2   -2  -2  -1  
198 3   -2  -1  0   -2  -1  -1  0   
199 1   -1  2   -2  2   0   0   -1  
200 1   -1  -1  -3  -4  -2  -2  -1  
201 -11 -2  0   3   1   0   -1  -1  
202 1   -1  0   -3  -1  -1  0   1   
203 -1  1   -2  -4  -2  1   0   -1  
204 -8  -3  -4  -2  -3  -3  0   -2  
205 6   -1  0   0   0   -4  -1  -1  
206 4   -1  -1  0   2   0   -2  -1  
207 -3  -1  -1  0   -1  0   -2  0   
208 4   5   4   1   -1  0   0   0   
209 -3  -2  -2  0   -1  -1  -1  -1  
210 -1  -1  -1  -1  -3  -1  0   -1  
211 -4  -1  -1  0   -1  1   -1  -2  
212 -1  -2  -2  -3  1   -1  0   -1  
213 5   1   -2  -3  -3  -1  0   -2  
214 -1  -3  -3  -1  1   -1  -1  -2  
215 1   2   0   -4  -3  -2  0   0   
216 -8  -4  -1  -2  1   0   -2  -1  
217 -3  -3  -4  -1  1   2   0   -2  
218 2   -1  -5  -2  0   -2  -2  -2  
219 -1  0   0   0   1   0   1   -3  
220 -2  -4  -1  0   0   -1  -1  -2  
221 7   0   -2  -1  2   0   0   -1  
222 -5  2   3   2   0   1   -1  0   
223 -4  -1  1   0   -1  0   -1  1   
224 -3  -3  -1  1   -1  -3  -3  -3  
225 1   -4  -1  -2  -1  -2  1   -1  
226 -2  -1  -2  -2  0   -3  -2  -1  
227 -3  -5  -3  0   2   -1  -2  -1  
228 2   3   4   2   0   -2  0   -2  
229 -4  -1  -2  -3  -3  -4  0   0   
230 -2  1   -3  -1  -4  -4  -2  -1  
231 1   -2  0   0   0   -1  -2  -1  
232 -2  -1  1   1   1   0   1   -2  
233 3   1   -1  3   2   -2  -2  1   
234 5   4   5   5   5   0   -3  -2  
235 -7  1   0   2   4   -1  0   -1  
236 0   -4  -1  -2  -2  0   -1  1   
237 1   -2  -1  0   0   0   -1  0   
238 -4  -1  -1  0   -1  0   0   0   
239 -2  -5  -4  -4  -4  -1  -3  1   
240 -3  2   1   -1  -3  -3  -1  -2  
241 -1  -4  -5  -2  -2  0   0   -1  
242 0   1   3   3   3   -2  -1  0   
243 3   -3  -4  -1  0   0   0   -3  
244 -1  0   0   1   0   -3  -1  -1  
245 -9  -1  -4  -2  -4  -5  -2  -5  
246 -1  2   4   4   1   0   0   -1  
247 0   -1  -1  -3  1   0   -1  0   
248 -1  -1  -4  -3  -3  -5  -1  -3  
249 -21 -8  -2  -2  -1  -4  -3  -2  
250 0   6   6   6   2   -1  -2  1   
251 1   -3  -4  -3  -1  -1  0   0   
252 -1  -2  -3  -3  -2  0   0   0   
253 -2  1   1   -1  1   1   -2  -1  
254 -3  -2  -1  -1  0   -3  0   0   
255 3   -2  -5  -6  -8  -8  -3  -3  
256 -2  -5  -3  -2  -1  0   0   -1  
257 2   0   4   3   -1  1   1   1   
258 -5  -3  -5  -5  -5  1   -1  0   
259 -3  0   -5  -4  -3  -5  -2  -1  
260 2   -3  0   0   0   1   4   0   
261 2   1   0   -2  -4  0   -2  -1  
262 0   2   1   0   -4  -1  0   -1  
263 -1  -3  -4  0   1   0   0   0   
264 0   0   -2  -2  1   -2  -1  -2  
265 -3  1   0   -2  1   2   1   0   
266 -2  1   1   -1  -1  -2  1   -2  
267 -1  -2  -1  0   -1  0   -1  2   
268 -15 -5  0   -1  0   1   2   -2  
269 11  -3  1   0   2   -2  -3  0   
270 -3  0   -3  -4  0   1   -1  1   
271 -4  -4  -2  -3  -5  -2  -2  -3  
272 9   5   4   3   1   4   1   -2  
273 -8  -1  2   -7  -34 -12 -3  -3  
274 -4  -1  2   0   10  5   -2  -6  
275 -2  -1  0   -2  1   -1  -5  -3  
276 0   -5  -4  -2  -5  -5  -2  1   
277 11  4   1   -3  -6  -1  5   12  
278 -6  -1  -1  -5  -12 -7  -3  -1  
279 -4  -2  -3  -6  -22 -4  2   -5  
280 4   3   0   3   -1  -2  0   1   
281 -5  -1  0   13  40  9   -1  -2  
282 12  3   2   -5  -9  -1  4   14  
283 3   -2  0   0   -2  3   0   5   
284 3   -1  -1  -2  -8  -1  0   0   
285 -3  0   1   1   3   -2  -4  -4  
286 0   -1  -1  2   6   6   3   -1  
287 1   2   2   2   26  4   6   1   
288 2   2   3   5   6   2   -1  0   
289 2   -1  0   -3  -3  -4  -4  4   
290 6   5   2   -2  -6  3   1   0   
291 -3  -1  -3  -5  -14 -5  -4  -2  
292 -3  -1  -2  -2  1   -1  -7  -5  
293 3   -3  -3  -6  -17 -12 -5  -1  
294 -12 -3  2   1   -6  1   1   1   
295 0   0   1   4   0   10  6   8   
296 4   -2  -5  -3  -3  -8  -2  4   
297 0   2   2   -1  -4  -6  -1  -3  
298 3   -1  -2  5   19  -1  -1  0   
299 3   0   3   1   -4  -5  -3  0   
300 -7  -4  -2  -3  -7  -1  -1  -3  
301 -3  -5  0   -4  -3  -4  -2  -1  
302 -1  -2  -4  5   16  3   -2  -6  
303 6   4   5   -2  -12 -3  1   -1  
304 -3  1   1   1   -2  -3  -2  0   
305 0   -2  -3  -7  -11 -5  -1  1   
306 -1  0   -2  -2  -3  -1  0   1   
307 4   -2  0   0   -1  2   2   -1  
308 -1  -3  -2  -3  4   0   -1  -1  
309 -4  0   -2  -3  -11 0   2   1   
310 -3  -1  -1  -4  7   -4  -1  -2  
311 -1  -2  -2  -3  -14 -2  -1  -4  
312 1   1   2   -1  -9  0   0   -1  
313 -3  -3  -4  0   3   3   -1  -1  
314 1   -1  0   -1  -1  0   0   -1  
315 -9  -7  -4  -5  -3  -13 -6  -1  
316 10  4   1   4   16  6   12  9   
317 -10 0   0   -2  5   1   0   1   
318 0   4   2   5   1   1   1   2   
319 -2  -2  -3  -1  0   3   0   0   
320 4   -2  -2  -1  -1  -1  -4  -2  
321 -1  -1  -4  -3  0   -3  -3  0   
322 4   1   0   0   2   -1  2   1   
323 4   7   6   3   -6  -2  -3  -1  
324 -14 -7  -3  1   0   3   0   0   
325 -1  -2  0   -1  -4  -2  -2  -2  
326 7   2   2   4   18  -2  -3  -3  
327 0   -1  -2  -1  -2  4   2   0   
328 -7  0   -3  -2  -3  0   1   -1  
329 0   3   0   3   11  3   -1  0   
330 2   -2  -3  -3  -3  0   -1  -1  
331 -3  -3  -4  -4  -4  -1  3   -2  
332 -10 -2  1   3   2   5   -3  -1  
333 3   -5  -6  -5  3   -5  -2  2   
334 4   1   -2  1   -8  2   6   4   
335 0   -4  -2  -2  3   0   -4  -2  
336 -3  -2  -2  -3  -9  -1  0   -2  
337 2   1   5   2   1   1   0   2   
338 0   -2  -4  -3  -9  -5  -4  -2  
339 6   2   2   0   -5  0   6   2   
340 3   -2  -3  2   22  -3  -2  1   
341 -8  -5  -4  -3  -8  -10 -5  -5  
342 3   4   5   6   4   5   1   -2  
343 4   0   -1  0   3   0   1   1   
344 1   -3  -6  -2  2   -2  -1  2   
345 -2  -2  -5  -3  6   -1  -1  -3  
346 -3  0   -2  -2  -5  -3  -3  0   
347 0   -4  -5  -2  -4  -4  -2  -2  
348 6   1   1   1   -1  1   2   0   
349 -2  -2  -3  -3  2   0   0   -3  
350 1   -1  0   1   -1  1   -3  -2  
351 -3  -4  -1  -1  -1  -1  2   -3  
352 -6  0   1   2   2   -1  -2  -2  
353 3   -1  -5  -3  -4  -2  0   1   
354 4   3   8   6   1   0   -3  0   
355 -2  -5  -6  -6  -7  -4  -1  -2  
356 -4  -2  -2  -1  1   3   2   0   
357 2   1   -2  -1  4   -3  1   -2  
358 -2  -3  -2  -1  1   2   -4  -2  
359 0   -3  -1  -4  -6  -3  -2  -1  
360 -14 -2  0   -3  -1  0   -1  -2  
361 2   1   0   2   8   2   -2  -3  
362 4   -1  -4  -2  -8  -2  1   0   
363 -3  -1  1   -2  -9  0   2   0   
364 -1  -4  -2  0   5   4   -5  -1  
365 -2  -5  -5  -4  -6  -5  -5  0   
366 -4  -6  0   -3  1   -3  3   -4  
367 -1  -2  -2  -1  1   -5  -3  0   
368 2   3   5   4   5   0   2   0   
369 0   -2  -1  1   0   -3  -1  -3  
370 -1  -3  -3  -2  -4  -1  -1  -1  
371 2   2   0   2   -2  0   -3  -1  
372 1   -1  -1  -3  0   -7  -3  -4  
373 -19 -3  1   3   2   3   3   4   
374 0   1   0   3   2   -4  -5  -4  
375 3   -2  -2  1   5   -2  2   2   
376 -4  0   -1  0   5   -1  -4  -3  
377 -1  1   -2  2   4   0   -1  1   
378 -2  0   -1  2   12  1   -3  -2  
379 10  2   1   -2  -4  -1  0   -2  
380 -5  -1  -1  0   0   3   -2  -1  
381 0   -2  -1  1   6   1   -2  0   
382 -9  4   1   -1  -3  -2  1   4   
383 4   -1  0   0   -3  -1  -3  -1  
384 18  6   0   2   -1  0   -3  -1  
385 -1  -1  0   1   1   0   -2  0   
386 2   2   -2  -1  0   1   2   -1  
387 -6  -7  -4  -5  -2  -1  1   1   
388 0   -1  2   4   1   2   1   1   
389 -2  0   0   -3  -5  -2  -3  -2  
390 1   3   2   1   6   6   1   -1  
391 -6  -2  -3  -1  -1  -3  -2  -2  
392 4   -1  -3  -1  -4  0   -2  -1  
393 4   -4  -5  -4  -1  0   0   0   
394 -8  -3  -4  -8  -7  -5  -2  -1  
395 -14 -3  -2  -2  -3  -3  -3  -2  
396 -1  0   -2  -3  -2  -1  -1  1   
397 13  2   -2  -3  0   -1  0   2   
398 -3  -3  -2  -4  -4  -2  -1  0   
399 4   -1  1   4   3   1   6   0   
400 -1  2   3   2   2   1   2   0   
401 -1  0   2   3   2   1   -2  0   
402 2   -1  -3  0   -3  -3  -1  -1  
403 -7  -3  -1  -4  -5  3   2   -1  
404 -1  1   0   0   -1  1   0   -3  
405 3   3   2   3   0   -1  -1  -4  
406 -3  -1  1   -2  0   1   -3  2   
407 -4  -2  0   -1  1   -2  -3  -3  
408 -7  -1  -2  -3  -2  2   1   0   
409 0   0   -2  -1  -1  -1  -2  -2  
410 3   -1  -2  -1  -2  0   0   1   
411 -2  -2  -6  -1  -3  -1  -3  -1  
412 0   4   3   0   0   -1  1   1   
413 -9  -4  -1  -1  -2  -3  -1  -2  
414 -2  -4  -5  -4  -2  -5  -4  -1  
415 -8  -4  -1  -4  -3  -1  -3  -3  
416 -1  -1  2   -1  1   -2  -1  2   
417 -2  -1  -2  0   -1  -1  -1  0   
418 3   5   1   0   0   0   4   2   
419 6   -1  0   -3  -9  -4  -1  1   
420 2   2   0   0   -1  0   7   0   
421 -1  1   4   4   4   2   1   0   
422 -6  -5  -1  2   1   0   -1  -1  
423 8   0   -1  2   2   3   -1  0   
424 3   3   -1  -3  -7  -4  3   -1  
425 -3  -3  -3  -4  -6  -7  -1  -3  
426 7   3   0   -2  -1  -2  -2  0   
427 -13 -4  -1  -2  0   0   -2  -2  
428 2   -2  -2  -4  -3  -3  -1  -1  
429 11  1   0   -1  2   3   2   1   
430 -13 1   1   0   -1  -1  -2  -2  
431 -5  -3  -1  -1  -3  -3  -1  -1  
432 -3  0   0   -1  -2  -1  3   -4  
433 -3  -1  0   0   1   -2  -2  -1  
434 0   -3  -1  0   1   3   0   -1  
435 -3  -1  -2  -1  -1  0   -3  -4  
436 -3  1   2   1   -1  1   -1  -1  
437 -12 -4  -3  -3  0   0   1   -3  
438 0   1   0   0   0   -1  1   -1  
439 -9  -1  -3  -3  -5  -8  -3  3   
440 0   -1  -1  0   0   2   -1  -2  
441 9   3   2   2   2   1   -3  -2  
442 0   -2  -1  1   2   0   -1  1   
443 -9  1   3   4   3   -1  3   -2  
444 -1  6   5   7   3   4   -1  1   
445 -4  -2  0   -3  -2  -2  -7  -6  
446 2   0   -4  -2  -2  2   0   3   
447 1   0   -2  -1  -2  -1  0   -2  
448 -2  -3  -2  -2  0   -3  -1  -3  
449 -2  -2  -3  -5  -7  -7  -3  -2  
450 -1  2   3   2   -2  1   1   1   
451 -18 -7  -7  -3  0   -1  0   0   
452 5   7   1   2   0   -1  -2  -3  
453 4   -2  -5  -5  -1  0   -1  1   
454 7   1   -1  1   1   1   0   0   
455 -1  -3  0   1   0   0   1   -1  
456 -8  0   0   0   2   0   0   -2  
457 0   -2  -3  -2  -2  -2  0   0   
458 -7  -1  2   1   -3  -1  -3  1   
459 -3  -2  -4  -1  -1  -2  2   2   
460 -6  -1  -4  -2  0   -2  -1  -2  
461 -2  -5  -1  -1  0   4   0   1   
462 -5  -2  -2  -2  -1  -1  0   -1  
463 -1  0   -2  0   -3  -2  -2  -2  
464 -5  -1  1   2   2   -1  -1  -2  
465 -4  -1  3   -3  -5  -2  2   0   
466 -7  -5  -2  0   0   -2  0   -1  
467 4   3   4   3   4   0   -1  -2  
468 -7  2   -1  -1  1   -2  3   -5  
469 4   1   3   6   6   0   6   7   
470 -7  -5  -5  -2  2   4   2   -2  
471 -7  -1  4   10  7   1   6   1   
472 -15 0   -1  -5  -8  4   11  -24 
473 6   4   1   -3  1   -1  -22 -7  
474 14  3   0   4   1   -4  0   1   
475 0   -3  -2  3   6   -3  8   -2  
476 0   1   -4  -8  -15 -7  -2  0   
477 -4  0   -1  -5  1   0   3   5   
478 7   -6  -5  -5  -6  -9  3   -4  
479 -6  -7  -8  -13 -25 -4  -2  5   
480 -1  3   0   0   1   3   -4  -5  
481 2   -6  -6  -8  -13 0   1   4   
482 -2  -3  0   2   6   3   5   6   
483 -20 -4  -1  -3  0   -7  -3  -4  
484 10  -1  -1  0   1   2   5   5   
485 -3  -4  1   4   9   2   -19 -4  
486 4   -1  -3  -3  -4  -7  -6  -19 
487 -7  -3  -1  0   4   -3  -9  -6  
488 3   -2  -2  3   3   -3  4   1   
489 13  4   1   0   -2  -4  -2  -2  
490 2   -3  0   1   5   0   -1  2   
491 6   0   -2  5   1   -7  -9  -6  
492 -12 -1  2   2   4   -2  -2  -12 
493 -7  -6  -6  -10 -7  0   -5  -3  
494 -9  0   4   2   5   2   8   1   
495 1   1   0   -3  -4  -2  8   2   
496 32  -4  -3  -3  5   3   -1  1   
497 -13 -2  -3  1   -1  -3  -3  -6  
498 1   -1  0   -1  -5  3   2   9   
499 8   2   3   5   11  -3  -3  -4  
500 -2  -4  -1  -8  -7  1   2   -5  
501 -8  -5  -1  -5  -4  -3  9   2   
502 9   2   2   4   7   -7  -4  -6  
503 -3  -1  1   1   6   5   -4  1   
504 5   3   0   3   6   9   4   3   
505 3   -6  0   -1  3   -3  -1  2   
506 -6  -7  -5  -7  -11 -10 -4  -5  
507 0   1   -1  1   -2  -1  2   7   
508 -14 -1  2   4   5   1   -4  -2  
509 -1  1   1   8   11  -4  -3  2   
510 -12 -3  -3  2   0   -7  -1  -13 
511 4   -1  -3  -8  -6  -4  2   3   
512 -8  -2  3   1   4   -3  0   5   
513 6   2   -2  -11 -17 1   0   -27 
514 1   -1  2   1   0   -2  -7  5   
515 1   1   1   -1  -4  3   4   17  
516 3   2   3   2   -4  -1  3   -1  
517 -7  -3  0   4   4   -1  -1  -3  
518 3   3   -1  4   4   2   11  6   
519 -3  -3  -1  -1  -9  -2  1   -1  
520 -1  0   -1  5   4   0   2   4   
521 -4  -8  -7  -10 -11 -4  8   18  
522 1   1   -3  -4  0   0   -1  1   
523 -2  -4  -1  -1  -4  1   0   -2  
524 -3  -2  1   4   2   1   0   7   
525 15  3   2   -1  -2  -4  0   3   
526 -4  0   -1  0   2   0   -1  -4  
527 -3  -4  -3  0   -4  -5  -1  -15 
528 -3  -3  -1  0   0   -2  8   0   
529 -1  -2  -5  -9  -10 -1  -1  3   
530 9   1   1   -3  -5  -2  -3  -6  
531 -5  -3  -1  0   5   5   -1  0   
532 -10 -3  -4  -4  -6  3   5   7   
533 -3  -3  -3  -1  -1  -3  1   -1  
534 -1  -1  0   0   -2  -4  1   3   
535 -7  -5  -2  -1  -2  -1  -11 -2  
536 -2  -3  -2  4   10  3   5   -2  
537 7   0   -2  -4  -5  -3  -4  0   
538 -5  -4  3   1   4   -1  -6  -5  
539 -1  0   -1  -3  -9  -3  0   -1  
540 -9  -4  -1  -5  -3  -4  1   12  
541 1   0   -2  1   -1  -4  -13 -4  
542 -3  -1  0   4   5   4   -4  -6  
543 -3  -1  0   -2  -8  -2  -6  -3  
544 -4  -4  -4  0   2   4   -6  -1  
545 -1  0   -2  2   1   -3  1   3   
546 1   -4  -2  1   2   -5  -2  7   
547 0   -1  0   -1  -2  -7  -5  -7  
548 1   3   -1  -2  -6  0   0   -5  
549 7   2   2   1   -1  -3  -5  0   
550 -3  -3  -3  -4  2   -2  5   7   
551 13  6   0   3   5   -1  -2  -5  
552 -10 -5  -3  -1  2   -2  0   4   
553 -1  -3  -4  -4  0   0   -23 -9  
554 3   2   1   1   0   -3  -6  -4  
555 -11 -3  2   1   1   -1  -1  -9  
556 1   -3  0   3   6   7   6   -4  
557 -6  -4  -1  -1  -3  0   3   -1  
558 -3  -1  -4  -3  -5  -2  -3  -2  
559 1   1   -1  1   -1  1   0   3   
560 -7  -4  -2  -3  -4  -2  -4  -12 
561 -1  -2  -5  -4  0   3   1   4   
562 3   5   3   1   -3  -5  -3  -2  
563 -6  -2  -2  -1  0   -1  -1  -2  
564 0   2   1   2   2   0   1   -2  
565 -6  -4  -3  -3  -6  -4  -6  5   
566 0   2   3   1   2   2   -2  -2  
567 -2  -2  -1  -2  -4  -5  -5  1   
568 0   4   1   1   0   -6  -2  -2  
569 2   0   1   0   0   0   0   -1  
570 -3  -2  -2  -3  -3  -7  -8  -4  
571 -1  0   2   1   1   2   2   0   
572 -7  -1  -3  -2  1   -3  4   -2  
573 0   2   2   0   0   1   3   0   
574 0   0   -2  0   1   -2  0   0   
575 1   -1  -1  -1  2   2   -1  -1  
576 4   -5  -4  -4  -7  -1  -2  2   
577 -3  -4  -6  -2  0   -1  1   -4  
578 -2  -1  -2  -3  -1  0   0   0   
579 -9  -3  -2  -3  -2  -4  3   -7  
580 2   2   1   1   -1  -1  -1  -1  
581 -12 -2  0   -1  -1  -4  -4  -6  
582 4   -1  -2  2   1   1   0   -15 
583 -5  -6  -3  -2  1   0   2   4   
584 -2  -2  1   -1  0   3   0   1   
585 4   -2  -3  0   1   2   -1  -1  
586 2   0   -2  1   -2  -2  -4  -2  
587 -4  -1  -1  -1  -1  -2  0   6   
588 -4  -1  0   -2  -3  -1  1   0   
589 -1  -3  -3  -3  -2  -2  -1  1   
590 -2  1   -2  -3  -6  -3  1   -1  
591 1   2   3   2   -1  -2  -4  -5  
592 -1  0   -1  1   -1  -2  -3  -4  
593 4   -1  1   2   2   -1  2   -5  
594 -11 -5  -1  -1  1   2   3   6   
595 6   3   1   2   4   4   0   0   
596 -3  -1  -6  -5  -7  -11 -11 -2  
597 -7  -3  0   -2  -2  -4  -8  4   
598 2   1   0   -2  -2  -2  4   3   
599 1   1   -1  -1  -1  0   -3  -2  
600 -4  -3  -1  -3  1   2   -2  0   
601 -1  -5  -5  -2  -1  5   3   0   
602 -2  -3  -2  0   0   -2  -6  -5  
603 -3  -1  1   1   4   2   1   -8  
604 -1  -3  -2  -1  -2  1   -2  -4  
605 -6  -5  -3  -2  -1  -5  -6  -28 
606 0   -2  1   0   0   2   -2  1   
607 4   -3  -6  -4  -1  3   1   6   
608 -4  -3  -4  -3  0   0   1   2   
609 -4  -3  -1  -2  -2  -1  -4  1   
610 2   -1  -4  -2  1   1   1   -16 
611 1   1   0   0   -1  -1  0   -4  
612 1   2   0   0   -2  -3  -2  0   
613 -3  0   -3  -1  -3  -4  -1  5   
614 6   5   1   0   -1  0   3   -3  
615 1   1   0   1   2   1   -2  14  
616 -2  0   0   -2  -2  1   7   0   
617 3   2   0   1   -1  -4  2   1   
618 0   -3  0   -2  -3  -5  -10 -2  
619 -1  0   1   1   -3  -3  -6  -7  
620 0   2   5   2   -4  -6  -1  1   
621 4   -2  -2  -2  0   -1  -3  -1  
622 -2  -2  -2  -3  0   0   -2  0   
623 3   -2  2   -2  1   0   5   1   
624 1   1   0   -1  0   0   0   5   
625 -17 0   1   1   0   1   0   3   
626 0   -7  -5  -3  -1  -3  0   1   
627 0   -2  -1  -1  -1  -5  -4  -4  
628 0   -2  0   -1  -3  0   -1  0   
629 -1  -2  0   0   1   -2  -12 -4  
630 1   -1  -2  -3  -3  0   -1  -3  
631 -2  0   -2  -4  -4  1   -1  -7  
632 -3  -2  -1  1   1   1   4   11  
633 -2  0   0   1   1   -1  -6  -10 
634 -2  -2  0   -2  -1  0   -3  -1  
635 -1  1   -2  0   0   -1  -2  -5  
636 6   -3  -5  -4  -6  -2  2   0   
637 -5  -2  -5  -2  -1  -4  -6  -4  
638 4   4   0   0   -1  -1  5   4   
639 -2  -2  -1  0   0   3   -4  2   
640 -2  2   1   2   1   2   -3  -5  
641 -4  -2  -3  -3  -1  -3  -4  1   
642 -5  -4  -4  -1  -3  -5  -4  -3  
643 -3  1   -2  -4  -6  -4  -4  2   
644 1   3   1   2   2   1   0   6   
645 3   0   -2  -1  -2  -3  8   1   
646 2   0   0   0   0   1   0   10  
647 -1  -2  -1  -3  -5  -2  5   0   
648 -6  -6  -3  -4  -4  2   1   -1  
649 1   1   -2  1   1   -4  -3  -4  
650 0   -4  -1  -1  2   1   -3  -1  
651 1   -1  -3  -3  -3  -5  -3  -1  
652 0   -1  -1  0   -1  4   -1  4   
653 -1  -1  -1  -2  -1  -4  -2  3   
654 0   -1  -6  -10 -13 -2  -1  -1  
655 -4  1   5   0   -7  -11 -2  -7  
656 -5  -3  -2  -4  -2  -1  -2  -5  
657 8   1   -1  1   -3  -16 6   5   
658 -5  -3  -2  -3  -20 -5  -5  -3  
659 -6  -5  -2  -4  -9  7   -2  -2  
660 -3  1   -2  0   3   -10 -7  -7  
661 -5  -2  0   1   8   3   -1  -14 
662 1   0   -2  -3  10  2   -3  -4  
663 -4  -3  -2  1   8   1   1   -2  
664 -1  -1  -3  -4  0   -4  -2  -2  
665 1   -1  -2  0   0   -6  -1  -2  
666 -4  2   1   1   -6  -6  -9  -5  
667 -6  -3  -2  -2  -4  -7  -5  -4  
668 -5  -4  -1  -1  18  3   6   -7  
669 8   1   1   -1  -1  -2  -2  0   
670 -7  -2  0   -4  -29 -3  -2  -12 
671 -4  -3  0   1   10  0   -1  0   
672 -1  1   -1  -1  0   -3  -3  1   
673 -5  -2  -2  -2  -5  5   0   1   
674 -4  -1  0   0   -3  1   2   1   
675 -5  -2  -2  -4  -7  0   -5  -1  
676 1   2   1   1   -4  11  2   -1  
677 -1  0   -1  -1  2   -9  -7  -5  
678 -5  -2  -4  -2  5   0   0   2   
679 -7  -7  -5  -4  -5  -7  0   -2  
680 -5  0   3   3   1   -2  1   -3  
681 2   0   0   1   6   -1  -1  2   
682 -3  -2  0   5   14  4   -3  0   
683 -1  -3  -3  -4  -3  3   12  3   
684 2   0   2   0   -5  3   -3  -2  
685 2   -4  -5  -2  7   14  2   1   
686 -4  -6  -6  -5  -1  -7  6   13  
687 3   1   0   -1  4   5   0   3   
688 -5  -1  -1  3   9   0   -27 -12 
689 -4  -2  -3  -3  -6  -11 -1  1   
690 1   -3  -3  -2  -1  -10 -9  0   
691 6   2   1   -1  9   7   -2  5   
692 -4  -4  -4  -2  2   4   6   -3  
693 -2  0   0   0   1   -6  -4  -1  
694 -4  -6  -4  -2  -2  -1  -7  -6  
695 -1  -4  -2  -4  -8  -5  -9  -7  
696 -3  -1  -2  -2  -9  -12 -4  -4  
697 1   1   3   3   10  -12 -5  9   
698 -1  -3  -1  2   4   11  7   -2  
699 3   -3  -1  -1  -3  0   -3  5   
700 3   -3  -2  0   -3  -5  3   7   
701 4   1   0   0   4   -3  -1  5   
702 0   -1  -3  0   -3  10  1   0   
703 -5  -4  -5  -6  -6  -3  -2  -3  
704 0   0   4   3   0   3   -2  -3  
705 3   0   0   2   5   0   6   7   
706 -1  -1  -1  -6  -16 1   -5  -2  
707 -1  -2  -2  -3  6   -4  -5  -7  
708 2   1   1   0   -6  4   0   -2  
709 -1  -3  -2  -4  -8  -2  5   -1  
710 -1  0   -3  -2  0   -5  -4  1   
711 -2  -2  -3  -4  -2  -11 -9  -7  
712 -3  -4  -4  -5  -8  -10 1   0   
713 1   1   2   6   10  3   -7  -7  
714 -1  -3  -1  0   -1  1   3   -2  
715 2   3   -1  0   8   10  2   4   
716 -1  -4  -3  -1  9   -13 -4  -1  
717 -4  -1  -2  -3  -12 -2  0   -2  
718 0   -1  -1  1   7   6   0   -5  
719 1   2   0   1   -1  4   0   -2  
720 0   -3  -1  -2  -5  4   -2  1   
721 -1  -5  -3  -2  2   0   -6  -6  
722 0   -1  -2  -4  -3  2   -2  -1  
723 -1  -1  -1  0   0   -3  -3  3   
724 -4  -6  -5  -3  -4  0   0   4   
725 -1  -1  -1  0   -1  5   0   -12 
726 3   3   3   2   -7  -6  -1  1   
727 -4  -3  0   -1  2   -10 -1  -1  
728 0   -4  0   0   2   2   -1  -5  
729 4   2   2   -2  -7  -5  -11 -5  
730 -2  0   0   -2  -3  -1  -3  -3  
731 0   5   3   0   8   0   0   0   
732 -1  -3  -1  -1  1   0   6   3   
733 -3  -5  -4  0   -2  -4  -2  3   
734 -4  0   -2  0   1   -9  -3  -14 
735 -4  -4  -2  -4  0   -8  8   0   
736 -4  -3  -4  -4  -8  1   -2  -11 
737 4   0   -1  -2  -12 0   -8  -4  
738 1   -5  -5  -4  -1  -1  5   7   
739 0   -1  -3  0   1   0   0   -1  
740 4   2   0   0   6   5   2   2   
741 0   2   6   7   2   9   5   1   
742 0   -5  -5  -5  4   -3  0   -1  
743 -8  -3  -2  -1  12  3   -2  -1  
744 0   0   1   1   7   11  3   0   
745 -2  -1  1   2   2   -6  0   0   
746 3   2   0   3   2   -1  8   0   
747 -4  -4  -3  -5  -6  -2  5   -4  
748 -2  -4  -2  -5  -2  1   6   0   
749 -2  0   1   0   -10 -2  -3  -7  
750 -2  -4  -1  -2  2   4   -1  4   
751 1   -3  -2  -2  -1  3   1   17  
752 -2  -3  -5  -1  2   5   4   3   
753 -1  -1  0   -1  -8  -9  -6  -6  
754 4   -3  -4  -3  7   -3  -1  4   
755 4   2   2   -2  -4  1   -1  1   
756 -11 -8  -7  -5  -5  0   4   5   
757 -6  -1  -2  -2  -1  -4  -5  -5  
758 3   -1  3   2   3   2   9   4   
759 7   2   1   2   -2  0   4   -2  
760 0   -2  -5  -2  1   -3  -1  -18 
761 -11 -6  -1  -1  0   2   -2  -2  
762 4   1   0   1   -1  1   0   3   
763 1   0   -1  1   2   1   -2  -2  
764 5   -2  -1  0   2   1   -1  1   
765 0   1   -2  -6  -7  -1  -3  -2  
766 0   -2  -2  -1  2   -2  0   -2  
767 -2  -2  0   -1  -2  -1  -4  -4  
768 -6  3   4   4   3   6   3   2   
769 -2  -2  0   -3  -4  -5  -7  3   
770 -1  1   -1  -1  0   3   1   -2  