
1 0   0   0   0   0   0   0   0   
2 0   0   0   0   0   0   0   0   
3 0   0   0   0   0   0   0   0   
4 -1  -3  1   -1  8   1   -2  1   
5 0   2   4   14  -1  -4  -5  -1  
6 -1  1   -1  1   3   1   -1  -1  
7 1   3   4   -5  -2  -2  0   0   
8 -1  -3  -3  0   -3  -9  -3  -1  
9 0   -1  -2  -13 -7  -15 -2  -1  
10 -3  -2  -2  2   4   1   0   0   
11 0   1   2   2   -1  -11 0   -1  
12 0   1   -1  2   -1  8   -1  -1  
13 -1  1   4   8   0   4   -2  -1  
14 2   1   -1  -5  2   5   -2  0   
15 -3  -1  3   10  0   -2  -1  1   
16 -2  -1  0   14  2   -9  -5  -3  
17 0   2   0   -4  -9  14  2   3   
18 -2  -2  -2  -3  4   -9  -4  -2  
19 -2  -2  -5  0   3   -18 -3  -3  
20 2   0   1   -8  -3  12  0   -2  
21 -1  0   1   6   7   -6  1   -1  
22 0   -3  -6  -7  -4  -11 2   0   
23 1   -1  -1  -7  0   -1  -1  -2  
24 0   -1  -6  -15 -3  0   -3  0   
25 -2  -5  -4  -1  -3  9   2   -3  
26 0   -2  -5  -2  -9  -13 -2  0   
27 -2  -5  -4  -6  0   9   3   -2  
28 0   0   -2  -14 -6  -2  -1  1   
29 -2  0   0   0   -10 -14 -3  -1  
30 -1  -3  -7  -15 -4  -3  1   -3  
31 -1  0   2   7   -6  -4  -3  1   
32 -1  -1  0   -1  3   1   0   -3  
33 0   1   0   5   2   -5  -3  -2  
34 0   -2  -3  4   6   -13 -3  -2  
35 -1  -2  -1  4   2   -1  1   0   
36 0   0   0   -4  -16 1   -4  -1  
37 -2  0   -1  2   4   -4  2   -1  
38 1   -1  1   -9  8   4   6   0   
39 2   -1  -1  0   0   -4  -4  -3  
40 -3  -2  1   0   -11 1   -5  -4  
41 -1  -1  -4  1   0   0   4   0   
42 -3  2   0   -3  5   10  0   -2  
43 0   0   -1  -7  0   -4  -2  -1  
44 -1  -1  -3  -2  5   29  3   -1  
45 -3  -1  1   3   1   -3  1   -1  
46 -1  2   4   4   0   1   -2  0   
47 -1  0   0   3   -1  1   -2  0   
48 0   -3  -3  3   -3  10  -1  -1  
49 0   1   0   -1  -3  -5  -1  -1  
50 2   6   2   1   6   3   -4  -1  
51 0   2   2   0   2   -8  -3  0   
52 -1  0   0   2   -2  -9  -4  -2  
53 -2  -4  -4  -8  -2  -4  -1  -2  
54 0   0   2   7   4   12  -1  0   
55 -1  0   -1  -6  -2  -9  0   -1  
56 -2  -1  -3  14  8   23  -1  0   
57 -2  -1  -3  -3  1   -16 2   1   
58 1   3   1   9   1   10  0   -1  
59 0   6   4   8   -3  -3  -4  -1  
60 -2  -3  -2  -1  -4  -11 -2  0   
61 1   -1  1   -3  2   6   -3  0   
62 0   -2  -2  -5  4   4   -3  -1  
63 0   -2  -1  -3  -3  -13 -12 -3  
64 -2  0   1   2   6   1   -4  -1  
65 -1  -2  -3  -4  0   1   -3  0   
66 -1  -2  -1  5   5   -8  -2  -3  
67 -2  -3  -3  -1  4   -3  -1  -1  
68 1   -2  1   -6  -3  -5  -2  -1  
69 2   4   -1  -9  5   6   0   -2  
70 -1  -2  -4  -9  -2  2   0   -1  
71 -2  -3  -8  -21 -12 -9  -8  -1  
72 -2  -1  2   5   -4  4   -3  -3  
73 -1  0   0   5   -2  -3  -2  -3  
74 -3  -2  -1  4   6   -8  -3  0   
75 1   2   1   -17 -2  1   -2  -1  
76 1   0   1   3   3   -2  3   0   
77 -2  -3  -5  -5  -7  -14 -2  -1  
78 -3  -3  -4  -2  3   11  1   0   
79 0   -1  -1  4   -2  6   0   1   
80 1   -1  -5  -21 0   -10 2   -1  
81 -1  -2  -4  5   6   3   5   0   
82 0   2   0   2   -2  -1  -1  -1  
83 -2  -2  -1  1   -2  -7  3   0   
84 0   -1  1   5   12  3   0   0   
85 -4  -4  0   8   -6  -4  -2  -1  
86 -1  -2  -2  -5  -16 -16 3   0   
87 -1  -1  2   1   2   6   -1  -2  
88 -4  -2  2   4   11  -6  2   -9  
89 3   6   5   -14 3   3   6   5   
90 -1  -4  -2  10  -17 9   -5  1   
91 1   2   -1  -3  8   -2  2   0   
92 0   -2  -4  -3  -1  -6  -3  -1  
93 0   -2  2   12  8   15  0   -2  
94 -4  -4  -3  -28 -1  11  2   -3  
95 1   -1  3   5   4   0   -6  -1  
96 -2  -1  0   10  2   13  4   -2  
97 0   1   -2  7   -11 5   0   1   
98 -2  -2  0   0   -16 -14 -7  -4  
99 -1  -2  -2  -3  0   5   3   0   
100 1   1   -3  -9  2   -3  -1  1   
101 -3  -3  -4  -1  -6  2   -5  -2  
102 3   1   -5  -12 -16 17  2   1   
103 0   1   0   -1  -1  -4  -1  0   
104 2   0   1   8   -10 5   5   1   
105 4   2   5   9   5   -6  1   1   
106 -2  -1  -4  -6  -5  5   -3  -7  
107 0   -3  -1  5   6   -10 -5  -1  
108 3   1   5   -2  -3  -2  0   -1  
109 -2  2   1   -14 4   14  0   0   
110 -2  -4  -8  1   -6  -1  0   0   
111 -4  -5  -9  0   -7  -3  -3  -5  
112 -3  -3  -3  3   2   -1  -2  -1  
113 -2  0   2   -5  -20 -12 -7  -3  
114 -2  -1  2   2   4   -11 -2  -1  
115 -1  -2  4   -2  12  3   -1  -1  
116 -1  1   0   -6  4   14  0   -1  
117 -1  -1  -5  -8  -9  7   -1  1   
118 1   -2  -2  11  4   3   3   -1  
119 0   -1  -3  -18 1   7   0   1   
120 1   -1  -5  -12 -14 -3  1   3   
121 1   -1  -2  -15 -20 -11 1   0   
122 -1  -1  2   5   12  -11 0   0   
123 -2  -3  -2  -3  -13 -13 -7  -3  
124 1   1   -3  -3  5   12  2   2   
125 -1  -5  -5  7   -1  13  7   -2  
126 -2  -3  -5  -5  2   0   1   -2  
127 -1  2   5   14  2   4   1   1   
128 -1  -3  -4  -8  -6  -26 -2  -2  
129 0   0   2   -2  0   -3  -3  -2  
130 -3  -6  -7  -1  -5  19  -2  0   
131 0   0   -8  -18 3   0   2   3   
132 -3  -2  1   -1  2   2   -1  -3  
133 0   -3  -1  18  2   -3  3   -1  
134 0   -3  0   4   7   -5  -4  0   
135 -1  2   -1  -2  14  -5  3   1   
136 -1  -2  -4  4   0   1   -2  -1  
137 0   0   -3  -2  7   12  0   -2  
138 -3  -3  0   12  6   -2  -2  -3  
139 -14 -8  -6  -2  -8  -1  -5  -12 
140 -5  -2  1   8   19  1   -5  1   
141 3   -5  -10 0   -17 -4  -2  3   
142 1   4   -3  1   -10 -4  -7  -3  
143 0   -2  0   12  21  -7  -1  -5  
144 3   0   -1  3   8   15  10  7   
145 -6  -4  -6  -12 -4  8   -2  0   
146 5   0   0   6   -3  4   -1  1   
147 -3  1   -4  2   -8  -7  0   2   
148 -4  -7  2   3   -6  -10 -6  5   
149 0   -8  -7  -14 15  -28 -5  -8  
150 -7  -4  1   -5  -4  -6  -3  -1  
151 -13 -1  0   -3  -3  0   -1  -3  
152 -8  -1  -2  2   4   -7  2   -1  
153 8   -2  -2  2   -15 3   8   0   
154 -5  -2  -2  6   14  11  0   -7  
155 -5  -1  -1  3   1   -3  2   0   
156 -3  -3  0   -5  10  7   -4  -2  
157 3   -1  0   4   -7  -3  -4  -2  
158 -1  -5  -2  3   4   0   -10 -2  
159 1   -1  0   2   -2  -14 -6  -1  
160 -7  -1  -4  -2  -20 -18 -4  -2  
161 -1  -4  -3  3   -1  -1  4   1   
162 -5  -3  -1  11  5   9   2   -1  
163 1   0   3   11  18  5   3   0   
164 8   3   3   -12 -31 16  -3  0   
165 -7  -3  -7  -15 -34 -10 -8  0   
166 0   -5  -3  3   8   -4  -5  -3  
167 2   4   2   9   12  9   1   1   
168 -1  -3  0   -11 1   -4  -2  -1  
169 6   -3  -4  0   12  6   6   1   
170 -96 0   0   1   -1  -4  -3  -1  
171 -4  -1  -8  -7  -3  -3  -3  3   
172 0   -2  -3  5   4   -1  -1  -1  
173 7   7   16  18  1   -3  -2  0   
174 -1  -2  -2  -2  7   -3  -1  -3  
175 2   -1  -5  2   11  -4  2   1   
176 -1  0   3   9   1   2   -1  0   
177 -2  -3  -2  3   -3  -12 -5  6   
178 0   1   -15 -10 -4  -3  -1  -3  
179 2   2   -10 9   0   -10 -2  0   
180 4   6   2   -2  -1  1   -2  3   
181 -3  0   1   7   19  -8  -2  -2  
182 -1  0   4   -25 -54 -7  -1  0   
183 1   -2  -1  -2  -18 0   -5  0   
184 -1  -4  -9  -32 -67 -9  -5  -1  
185 -1  -1  -4  7   9   -2  -1  -1  
186 0   -3  -4  -1  3   12  1   -1  
187 -1  -4  -2  10  6   22  2   0   
188 -1  -1  -3  -1  -3  -1  0   -1  
189 -1  -4  -3  -8  1   -4  -6  -3  
190 -3  -2  -4  -6  15  9   -2  -2  
191 1   -2  -6  -5  -13 -2  -3  -2  
192 -2  -1  -3  -10 -7  -1  -3  -1  
193 0   1   -1  1   -3  -10 -3  -1  
194 -3  -1  0   -1  -8  -9  -1  2   
195 -1  4   4   7   1   -7  -1  0   
196 -1  0   4   -1  -13 2   -2  -4  
197 3   2   5   -1  -16 -15 -5  -3  
198 -2  -2  0   4   -2  0   -1  -3  
199 0   1   1   1   0   -3  0   -1  
200 0   -1  2   5   -4  9   1   -2  
201 0   -3  -3  -2  9   0   -4  1   
202 -2  -1  -1  -2  6   1   0   -2  
203 0   5   0   9   4   -1  -2  1   
204 -1  0   2   9   15  7   -3  -1  
205 0   3   6   8   5   2   -1  1   
206 -2  -6  -3  6   9   11  2   -1  
207 0   0   0   0   4   -3  -1  1   
208 3   -1  0   0   -3  4   -2  0   
209 -3  -4  -5  -4  -1  1   1   -2  
210 1   0   -6  -29 -31 -7  -3  0   
211 -2  1   -2  2   9   4   4   0   
212 -2  -2  -5  2   -3  -6  -1  0   
213 0   1   5   1   -4  -5  -1  -1  
214 -2  -1  -1  1   -1  2   1   0   
215 1   0   1   21  10  9   4   -1  
216 0   -3  -6  -2  -2  0   1   -2  
217 -1  -1  -3  -13 -4  -4  -4  1   
218 -2  0   -3  -19 -6  5   -1  1   
219 1   2   2   -1  1   1   -1  0   
220 0   0   -2  -2  -4  1   0   -3  
221 -1  1   1   4   2   0   -2  0   
222 -2  -1  -2  2   -12 -7  0   0   
223 1   -3  4   10  -2  4   1   -1  
224 -3  -1  -1  1   -2  -9  -3  0   
225 -2  -1  0   -5  -23 -5  -3  -1  
226 -2  1   0   -2  -4  -3  -1  -1  
227 -1  -1  -3  -4  -5  -6  -2  0   
228 -4  -2  -4  1   -4  -4  -1  0   
229 -1  0   -1  2   15  7   1   -3  
230 -4  0   1   4   -7  -4  -2  -1  
231 0   1   1   7   13  -4  -2  -1  
232 1   -1  2   5   -2  -12 -2  -1  
233 -5  -4  -7  -10 0   -1  -2  -1  
234 2   1   4   7   -4  -2  0   -1  
235 1   1   5   10  8   10  0   -1  
236 0   -2  1   -3  3   -12 1   0   
237 0   0   -2  -8  3   -2  -1  1   
238 -1  2   -6  -16 -7  -5  -3  0   
239 -1  2   3   3   -4  -5  -2  -1  
240 -2  -2  0   9   3   3   -3  -1  
241 -1  -1  -3  -11 11  8   0   -2  
242 0   3   -4  4   -8  1   0   0   
243 1   -1  1   -20 -15 6   -2  -1  
244 -1  -2  0   -2  -1  -1  0   0   
245 3   4   8   1   2   -7  0   -1  
246 -2  -3  -4  4   4   -8  -3  1   
247 -1  -2  -4  4   2   -4  0   1   
248 -3  -5  -5  -6  -11 -8  0   -1  
249 -2  -4  -6  -9  -15 0   -3  -2  
250 -2  -6  -2  4   3   0   -4  -1  
251 0   1   2   -2  3   20  2   -2  
252 2   2   8   1   -10 -8  -4  -2  
253 -2  -5  -4  1   -5  -13 -1  -1  
254 0   -2  -1  3   3   -12 -3  -1  
255 -1  -3  1   2   -2  -3  -1  1   
256 -2  -2  -5  -13 -34 0   -4  -1  
257 -2  -4  -3  -7  -6  -10 -3  -1  
258 1   -2  0   3   2   3   1   0   
259 -2  0   0   0   2   5   1   0   
260 0   -1  0   1   1   -9  -2  -1  
261 0   1   -1  -10 0   2   -1  -1  
262 -3  -2  -7  -10 -6  -19 -3  0   
263 0   0   -4  -24 -5  -5  1   -1  
264 0   5   7   6   5   -5  0   2   
265 -5  -2  -4  -7  -1  4   1   -1  
266 -1  0   -3  -9  1   -9  1   -1  
267 1   -3  -3  6   -2  -19 0   1   
268 -1  -3  -6  -5  1   -1  -1  -2  
269 -1  -2  2   9   17  6   -2  -1  
270 1   2   2   -14 -9  7   -1  0   
271 -3  -3  -7  -8  -13 -13 -1  -2  
272 3   0   1   8   -19 6   5   8   
273 16  8   4   -1  24  4   34  18  
274 -3  -3  -4  -9  6   2   2   3   
275 2   -4  -10 -7  0   5   2   -1  
276 7   7   6   -8  -13 -10 -5  4   
277 2   -3  -7  -11 -47 -15 1   -4  
278 -3  -1  1   -10 8   -8  -8  -5  
279 9   8   6   7   38  25  5   9   
280 -7  -4  1   5   12  -2  -13 -5  
281 -7  -4  -10 -16 -7  -3  -4  -1  
282 1   -1  2   10  -6  -10 -1  4   
283 -3  -1  2   7   19  15  5   1   
284 7   6   5   23  37  27  -6  -3  
285 -5  -4  -6  -9  26  -7  -5  0   
286 -3  0   0   -1  -34 -2  0   -3  
287 -2  -2  -7  -27 -24 -17 -7  -9  
288 -1  -1  3   11  27  3   -4  1   
289 -1  -3  -2  -1  14  8   5   0   
290 0   -2  -1  10  22  -3  2   3   
291 -4  -2  -3  6   23  -3  -4  -2  
292 -1  -3  -5  0   -22 6   3   1   
293 -3  0   4   -13 4   -10 -9  -5  
294 -8  1   -2  -11 -14 -1  1   -1  
295 0   -3  -5  -4  4   -10 -6  1   
296 2   6   4   9   2   22  0   0   
297 -2  -4  -7  -15 14  -9  -3  -1  
298 -1  -1  -1  13  7   -5  1   -1  
299 -2  -4  -2  -5  -26 3   1   -4  
300 0   1   5   8   18  -3  4   1   
301 -1  1   -2  15  -2  -16 3   0   
302 4   2   -4  -19 -1  13  2   -4  
303 3   -1  -5  7   5   -9  1   1   
304 3   0   1   -6  -24 -4  -2  -1  
305 2   2   3   -1  -9  -14 0   -1  
306 -4  -4  -6  3   10  4   0   2   
307 -4  -6  -6  5   1   -19 -7  -4  
308 2   3   -1  -8  -37 -7  -2  -1  
309 0   0   0   -10 -5  6   -1  -1  
310 -4  -4  -14 -45 -61 -8  -4  -1  
311 -2  -3  -1  2   7   -18 -1  1   
312 0   -2  2   16  18  9   -1  -2  
313 -1  1   -1  -10 23  6   5   3   
314 0   -4  -8  -1  8   -1  2   -5  
315 0   -2  -6  -21 -27 2   -1  2   
316 0   -1  -3  -9  -4  1   1   1   
317 2   -1  -3  -8  -8  -9  -2  1   
318 4   -3  -2  14  5   -11 -1  1   
319 -1  -8  -9  -29 -84 -12 -7  -8  
320 0   -3  -6  0   9   -5  1   2   
321 2   -2  -1  -3  24  -5  -2  -5  
322 0   -4  -2  -6  -11 -6  0   1   
323 -3  -2  4   2   1   16  0   -1  
324 0   -3  -6  -7  -8  -14 -4  -4  
325 0   -2  -1  4   8   -6  -2  2   
326 -1  0   2   18  20  15  3   -1  
327 2   -1  -4  -8  13  -4  -1  1   
328 0   2   7   11  -7  -3  -3  0   
329 -2  -3  -3  -5  -15 -2  -2  -6  
330 -2  -2  0   -3  5   4   0   -3  
331 0   -1  1   15  24  2   1   2   
332 -3  -3  -3  0   -10 1   -1  -3  
333 -2  -1  -1  8   2   8   0   -1  
334 -1  -2  -5  -4  5   4   -2  1   
335 -3  0   0   -7  -7  -8  -3  -2  
336 0   -1  -2  2   3   6   -2  -2  
337 -1  1   1   5   -8  2   -3  -3  
338 -3  3   4   -3  0   -3  -5  -2  
339 -2  -1  -1  8   12  -4  3   -2  
340 0   -1  -3  -9  -4  -1  -1  -2  
341 -2  -1  -4  1   9   -2  -1  -2  
342 -2  1   1   -3  -8  1   0   -2  
343 0   1   0   0   17  2   -1  0   
344 1   2   -1  -17 -2  -3  0   0   
345 1   -2  0   -3  -8  -5  -1  1   
346 3   -1  -3  -27 -41 -14 -1  -3  
347 1   3   6   4   6   11  5   1   
348 -2  -6  -8  -13 1   5   -5  -2  
349 -1  -1  0   5   1   -11 -2  -3  
350 -5  -3  -1  10  30  -7  2   -3  
351 3   -2  0   15  -9  -14 -4  0   
352 -4  -2  3   -5  0   3   0   -2  
353 0   0   0   4   -8  1   -4  -3  
354 -4  2   -2  -25 -75 -15 -4  0   
355 4   0   0   9   13  14  5   4   
356 -1  -1  4   5   19  16  1   3   
357 -3  2   -9  -12 -16 -19 -1  -6  
358 -1  -3  -5  -13 15  4   -3  -2  
359 1   1   2   5   16  2   3   5   
360 4   -3  -6  -9  -1  -5  -5  -1  
361 -1  -4  -5  6   -35 -12 -3  -2  
362 -1  0   -1  -5  -3  -12 -1  0   
363 -1  -1  -3  1   9   -2  10  1   
364 -1  4   1   13  -1  5   -7  -3  
365 -1  0   4   7   18  -2  -2  -2  
366 -1  0   3   -3  11  1   -1  -2  
367 -1  -3  0   4   -5  -6  -4  -1  
368 0   -2  -2  -4  -18 0   1   2   
369 4   -3  0   1   -4  -8  -2  0   
370 -5  -4  4   26  24  7   0   -1  
371 1   3   1   3   15  8   2   -2  
372 -4  2   -1  -11 -10 0   1   -2  
373 -2  -1  -2  -1  -9  5   -5  -1  
374 -2  1   -1  -20 0   0   -1  -2  
375 0   1   -5  4   -15 4   -1  -3  
376 7   -1  -2  24  -29 7   0   -1  
377 -1  -2  0   2   0   -1  0   -1  
378 1   2   -3  8   16  -1  1   -1  
379 2   1   1   -14 -13 -6  -2  0   
380 -4  -5  -6  -5  0   3   -1  -1  
381 -2  -5  3   7   2   -8  -1  -1  
382 0   1   -5  -13 -11 7   -1  -3  
383 0   -5  -4  4   5   9   1   1   
384 -1  2   -2  1   7   -12 -2  -2  
385 1   -2  2   -6  0   16  1   0   
386 0   -3  -1  -4  5   -6  -1  0   
387 -4  -1  -6  -8  -14 -11 -4  1   
388 1   -2  -2  -4  0   4   1   -4  
389 -1  0   1   -3  -4  -8  -1  -4  
390 -2  -6  -8  -8  -17 -5  1   -2  
391 0   -4  0   -6  0   4   -4  2   
392 -2  -2  -8  -11 -15 -8  2   -1  
393 1   -1  0   -10 -4  15  1   0   
394 -5  -4  -4  2   -2  -1  -6  -3  
395 -2  0   2   4   5   -20 1   0   
396 -1  -5  -5  -4  -11 -8  -3  0   
397 -1  -5  0   -3  19  -13 -18 -6  
398 -2  1   1   4   -1  11  -1  0   
399 -2  0   -5  -19 0   -4  0   -4  
400 0   -1  -2  2   8   11  3   1   
401 -5  -5  -1  -1  -2  -8  5   -2  
402 -1  0   -4  -1  1   1   2   0   
403 0   0   -1  1   -7  -5  -1  -1  
404 -1  -2  -3  5   5   -15 0   1   
405 0   0   1   2   1   -6  -1  -3  
406 -3  -2  0   0   -6  -4  0   0   
407 -1  0   2   0   -14 -2  2   0   
408 -1  -1  -1  2   -5  -14 -3  -3  
409 -1  3   6   15  -3  -3  -4  0   
410 -1  -2  -3  -2  -8  7   -2  -1  
411 1   2   3   0   -3  7   -3  -2  
412 -2  -3  2   -2  6   -5  -3  -2  
413 1   0   -1  -5  -12 7   -4  1   
414 -3  -1  1   6   10  11  4   0   
415 -4  -4  -5  -9  -5  -1  0   -2  
416 0   -2  -1  2   2   -7  -1  1   
417 -2  -3  2   -7  -17 -10 2   0   
418 0   -1  0   -4  4   10  0   0   
419 1   0   1   -2  -6  -4  1   -1  
420 -2  -2  -3  -21 -45 -7  1   -1  
421 0   3   3   -8  6   -3  0   -2  
422 1   1   3   -3  15  5   -1  -3  
423 1   1   0   -7  5   -1  2   -1  
424 -4  -3  -4  2   -9  -9  -4  -1  
425 1   1   -3  -6  -1  -1  -2  0   
426 -3  -3  -6  -3  5   -11 0   -2  
427 -1  0   -2  -4  -15 -22 -2  -2  
428 1   1   4   3   6   2   1   -1  
429 -3  -2  -4  0   -3  -10 -2  0   
430 -2  -3  -4  -4  1   -8  0   -3  
431 -2  -1  3   2   2   -1  -1  -2  
432 -1  0   -3  -14 -9  -11 -4  0   
433 -1  1   0   0   8   -6  -1  0   
434 -2  -4  0   1   -7  3   1   -1  
435 -1  -1  0   5   1   -3  0   2   
436 -2  0   -4  -4  -10 -2  0   0   
437 -3  -1  -3  5   6   3   0   -1  
438 -2  -5  -4  -7  -14 -4  -4  -1  
439 0   0   -2  -1  11  0   1   -1  
440 0   -1  -2  -15 -8  -13 0   -2  
441 1   -1  1   2   8   12  2   -1  
442 -1  -2  -2  -5  -2  -8  -4  -1  
443 -2  -1  -2  0   -2  -9  -1  -2  
444 -2  -1  -3  2   -18 -3  -4  -2  
445 0   -2  -4  -16 -1  -6  -2  0   
446 -2  -2  1   4   -13 -12 -4  0   
447 -3  -1  4   11  0   7   0   0   
448 -2  -1  -5  -6  -1  2   3   -1  
449 -3  -1  -3  -7  -18 -1  2   -1  
450 -1  -2  -1  -1  4   -7  -1  -3  
451 1   1   0   4   -5  -14 -8  0   
452 -2  -2  -2  1   6   5   1   2   
453 -2  1   2   18  4   -5  -2  -3  
454 -2  -3  -3  -9  1   8   -2  -2  
455 -2  -3  -5  -5  -7  -10 1   0   
456 -2  -4  -6  1   12  0   -5  -1  
457 0   0   -1  -22 -23 7   -3  -2  
458 -1  0   2   7   1   3   1   -1  
459 0   -1  1   1   0   8   -3  -3  
460 1   -1  -2  2   -3  3   5   2   
461 5   4   9   -12 -11 -6  -9  3   
462 -4  -9  -18 -43 -5  -19 -3  -3  
463 -3  1   3   45  40  9   9   6   
464 1   0   1   -6  -5  -8  2   4   
465 6   -3  -5  4   -1  -17 8   1   
466 -5  -7  -6  -13 -41 -12 -14 2   
467 -10 -5  -7  -28 -60 -14 -4  -5  
468 22  5   1   -2  13  12  6   8   
469 -5  -10 -19 -51 -78 10  -9  -9  
470 -4  -2  1   19  37  24  3   -9  
471 -8  6   10  5   9   12  2   8   
472 -5  -5  -3  -3  -25 -3  -3  -16 
473 -5  -5  -8  -18 -18 4   1   -6  
474 18  1   8   3   -14 9   -4  4   
475 7   3   3   -13 35  8   -1  -6  
476 4   2   -2  22  44  8   4   10  
477 -5  -4  -1  -2  7   -1  -2  -3  
478 -1  2   -1  -23 -41 -25 -5  -1  
479 18  4   5   26  12  2   4   6   
480 5   3   -5  -25 16  -4  -3  2   
481 0   -4  -1  -2  -12 -16 -3  2   
482 8   2   3   10  15  26  1   -3  
483 0   0   2   16  1   -6  -3  -8  
484 -7  -4  -6  -18 12  -8  -1  0   
485 5   3   -5  -34 -8  -1  0   5   
486 5   -4  1   0   3   14  -3  -2  
487 5   -1  -2  -42 -76 -5  -3  1   
488 -10 -4  -3  -43 -16 -11 -2  -11 
489 6   5   3   1   0   -5  2   3   
490 -3  -3  -6  -12 -35 2   1   1   
491 -3  -4  -7  -21 -33 -12 -4  -2  
492 2   3   3   0   -6  10  3   3   
493 -4  2   3   0   30  13  3   -1  
494 -2  0   -1  7   4   13  0   8   
495 -5  -5  -3  5   3   -1  -1  2   
496 16  -7  -4  -9  -7  -23 -9  -6  
497 -4  2   4   2   18  1   4   -1  
498 -1  0   0   5   5   17  0   12  
499 -7  -3  -4  -9  45  -17 -2  -5  
500 0   0   0   13  42  9   2   -2  
501 -3  -1  -6  1   12  3   0   0   
502 1   -2  3   12  -35 -10 -1  -4  
503 1   1   4   16  16  6   1   -3  
504 3   6   5   10  2   2   -2  2   
505 -3  -4  -6  -17 -7  -8  -4  0   
506 0   1   -1  -15 -63 4   -3  0   
507 1   2   3   7   13  -6  -4  1   
508 6   -2  2   15  9   4   3   -2  
509 -13 -6  -7  -27 14  1   0   0   
510 2   3   3   -2  -3  -9  -2  -5  
511 0   0   1   -3  11  4   -1  -1  
512 4   2   -2  3   19  0   2   2   
513 -5  -4  -4  -2  27  3   -1  5   
514 9   4   4   10  4   14  6   8   
515 1   1   1   7   -25 -13 -4  4   
516 3   1   2   8   -47 -7  -1  3   
517 -4  -4  -1  11  -10 -1  0   4   
518 -1  -5  -7  13  8   -6  -2  -2  
519 -2  0   2   2   28  2   6   11  
520 -2  -5  -5  -23 -23 3   -1  -6  
521 -8  -3  -4  -17 -43 -6  -6  -8  
522 2   -1  -1  7   10  6   0   2   
523 3   2   3   3   5   0   3   11  
524 5   -2  -3  7   20  -16 2   8   
525 -5  5   9   20  30  14  5   4   
526 3   -4  -6  -1  -4  -3  1   -7  
527 4   1   -1  -2  -14 8   3   3   
528 1   -1  1   9   32  4   3   -10 
529 0   5   3   1   12  0   4   2   
530 -14 -1  -2  -7  39  -3  0   0   
531 0   -2  -2  -1  28  -12 -7  -3  
532 0   -7  -7  0   -17 4   2   6   
533 -1  0   0   -12 5   3   -6  -3  
534 4   -3  2   -6  -11 -2  4   -1  
535 -2  -2  -5  0   17  1   -4  0   
536 1   0   -2  -11 -55 -6  -4  -2  
537 10  6   3   1   9   -8  0   1   
538 0   1   -6  15  22  0   1   -4  
539 -7  -4  2   21  9   -1  -1  -4  
540 -6  -5  -2  -8  -14 -22 -11 -6  
541 1   -1  -6  7   -15 -19 -1  2   
542 0   3   9   15  19  9   4   1   
543 -2  -5  -3  12  20  -15 -7  -4  
544 0   -3  -3  1   40  15  3   0   
545 -2  -1  0   -8  14  -4  -6  -7  
546 2   2   5   18  23  0   -2  1   
547 1   0   -3  -3  -22 -2  5   9   
548 -3  1   -2  8   -6  0   6   -3  
549 -1  1   -1  -9  -10 -5  -1  4   
550 11  -3  -4  -3  11  24  -7  -4  
551 -5  3   4   5   13  6   7   4   
552 2   -2  3   22  -4  -17 3   3   
553 0   -3  -3  -2  22  -1  -4  -1  
554 0   1   6   3   -3  0   2   3   
555 -4  -5  -6  -1  10  -15 -10 -3  
556 5   4   -2  -20 -30 -9  -2  0   
557 -2  0   6   2   20  20  1   -2  
558 -1  -2  -6  -22 -13 -17 -7  -3  
559 1   -3  -8  -23 -76 -16 -9  -10 
560 -5  -5  -6  3   -7  -14 -1  -2  
561 -2  0   -2  19  41  8   -1  -2  
562 -2  2   3   14  1   -16 -2  -3  
563 -1  0   1   7   -4  0   1   0   
564 2   0   0   -4  -1  -5  -3  -1  
565 -2  0   -1  0   2   -6  -5  -2  
566 -1  -4  -3  -3  -6  -4  -5  -2  
567 -1  2   1   -3  9   1   1   2   
568 1   -2  -1  -4  -4  -6  0   1   
569 -2  -2  -3  -10 -22 0   -6  -2  
570 -1  -3  -5  -1  0   -4  0   1   
571 1   -2  -6  -1  2   -2  2   1   
572 -3  6   0   -24 0   5   -2  -2  
573 1   1   -2  2   22  13  1   2   
574 -2  -1  -1  -5  -7  -8  2   -1  
575 -1  0   -2  -3  6   0   0   0   
576 -2  -4  -5  -3  -4  -5  1   -2  
577 -1  -2  -1  -8  -7  -1  1   -1  
578 1   -2  -1  9   5   0   4   0   
579 -2  -2  -1  5   -9  1   0   -1  
580 -1  0   1   12  3   3   -1  -1  
581 0   0   -3  -1  2   -5  1   0   
582 -3  -6  -6  -8  -2  4   -2  -2  
583 1   3   4   1   6   0   1   1   
584 2   1   -2  -3  3   -4  2   1   
585 2   1   -1  2   8   8   2   -2  
586 -4  -1  -8  -7  -14 -11 0   -2  
587 1   2   -3  -14 0   -10 -4  0   
588 -1  -1  -4  -14 3   1   -2  1   
589 -2  -6  -6  1   23  -5  -4  0   
590 -2  -4  -5  -1  -4  -5  -2  -2  
591 -1  -2  -3  -9  -4  3   -4  -1  
592 -3  -3  -5  -20 -52 -1  -3  -3  
593 -1  2   4   1   3   17  -2  1   
594 1   2   5   -18 -5  -4  -7  -2  
595 0   0   2   -7  -3  2   2   0   
596 0   -4  -2  -24 -1  2   -6  -1  
597 -2  -4  -4  -19 -14 -2  -3  -1  
598 0   3   5   -6  0   4   1   -1  
599 -2  -4  -3  2   6   -4  2   -1  
600 0   1   1   -6  -20 -6  -2  -1  
601 -2  -1  -4  -10 0   31  0   -2  
602 -4  -1  2   4   7   3   1   -1  
603 -1  5   0   -19 -2  3   3   1   
604 -3  -1  -7  -18 -4  -1  -1  0   
605 1   2   1   -2  -1  -1  0   -1  
606 -1  1   6   11  -3  -9  0   0   
607 -1  -1  -5  -11 0   -4  -1  0   
608 -1  -1  -1  1   -7  -7  0   -3  
609 0   1   2   -6  3   3   0   1   
610 -1  -4  -4  18  1   8   -1  -1  
611 -4  -2  -3  -8  -18 -1  -6  -1  
612 1   3   2   -8  -4  -4  0   -1  
613 1   -2  0   4   5   7   0   -1  
614 -3  -2  -1  -3  1   -3  -2  -1  
615 0   -2  3   1   0   -1  0   -1  
616 -1  -1  -1  -3  2   2   0   -2  
617 -2  0   -2  -6  -3  -1  0   -1  
618 0   -3  0   5   6   3   5   -3  
619 0   -2  -2  0   -23 -4  -1  0   
620 -2  3   2   0   3   7   0   -2  
621 0   1   5   11  11  1   0   -2  
622 -1  0   0   1   5   3   0   0   
623 -2  -1  -3  -6  4   -2  -3  -2  
624 -1  -2  1   5   0   0   -2  -2  
625 0   -4  -6  -17 6   21  3   1   
626 -2  -4  -5  5   2   6   7   1   
627 -1  -2  2   -9  -8  1   -3  0   
628 1   0   3   -3  5   8   2   -4  
629 -3  -3  -2  8   0   -2  0   0   
630 1   3   3   2   2   -5  2   1   
631 -2  -4  -8  -20 -9  -2  2   -1  
632 0   1   0   -1  -5  9   -1  1   
633 -1  -1  -1  8   1   5   -1  -1  
634 -1  -4  -3  -7  1   1   -3  -3  
635 0   -3  -1  4   -1  -5  -4  1   
636 0   4   -1  0   0   -16 -2  0   
637 0   -1  -4  -8  1   -2  0   -3  
638 -1  -3  1   9   0   -5  0   -3  
639 0   -3  -1  5   -1  -7  -2  0   
640 1   2   1   0   0   0   -4  1   
641 0   -1  3   9   -1  0   0   -4  
642 -3  1   -4  -2  9   5   6   2   
643 -1  0   4   -1  -6  1   -3  5   
644 -1  -1  1   12  6   -3  1   -3  
645 1   1   4   10  1   -4  -1  -3  
646 -3  2   -2  13  6   2   3   -1  
647 0   -2  -1  10  2   0   -2  -1  
648 -1  2   2   -6  5   -1  -3  -1  
649 -2  0   -3  -9  -40 4   14  0   
650 0   0   4   -2  23  5   -7  -2  
651 -4  -1  -6  5   -1  8   -1  0   
652 0   -3  -3  6   6   6   0   3   
653 4   -4  -9  -19 -2  0   0   2   
654 -4  0   0   -5  -2  -12 -1  3   
655 -1  3   0   2   7   17  -2  -2  
656 -1  -4  -3  -14 1   4   -6  -1  
657 5   -1  -2  7   9   18  6   1   
658 -1  0   1   -4  7   9   -1  -1  
659 2   1   2   -2  -4  0   0   1   
660 -1  -2  -2  8   8   -4  1   -3  
661 1   0   -1  -12 0   -20 -1  0   
662 1   2   6   -11 3   -2  3   0   
663 -2  -6  1   10  7   5   0   4   
664 2   -1  -4  -8  -1  6   -5  0   
665 1   -2  -7  15  3   8   7   0   