
1 0   0   0   0   0   0   0   0   
2 0   0   0   0   0   0   0   0   
3 0   0   0   0   0   0   0   0   
4 1   -3  -1  -1  -3  -2  -3  -1  
5 1   -1  0   1   -11 -2  -1  -2  
6 -2  -1  -1  1   -2  -12 -4  -1  
7 -2  1   -1  -1  -2  11  -1  0   
8 -2  -2  -2  0   8   15  -4  -4  
9 1   -6  -3  0   -1  3   0   -1  
10 0   1   0   -2  1   2   2   -3  
11 0   1   -1  2   3   5   1   0   
12 2   1   2   -7  -1  -15 2   -1  
13 -2  0   -3  1   -1  5   1   4   
14 -2  1   -2  -5  -1  2   2   -1  
15 -1  -1  -1  5   -4  -4  9   -2  
16 -1  -2  -1  4   6   30  1   0   
17 -1  1   0   3   -4  -14 0   -2  
18 -1  0   0   0   1   -5  -1  2   
19 -5  -1  -3  -2  -2  3   0   0   
20 2   -1  -2  -4  -7  -10 -3  2   
21 -3  0   -3  -2  -1  7   4   1   
22 -1  -1  -3  -2  0   6   -1  -2  
23 -3  -2  -4  1   0   8   -3  -3  
24 0   -3  -4  -5  0   -16 -5  0   
25 -2  0   0   0   1   -1  0   -1  
26 0   -1  -1  -12 -2  4   -5  -2  
27 0   -1  -3  2   1   4   -4  0   
28 -3  0   0   -4  -1  -4  3   -2  
29 1   0   1   9   0   -10 -2  1   
30 1   2   1   -1  0   3   -4  0   
31 -2  -2  1   4   0   -6  -2  0   
32 0   0   2   4   -2  -1  3   1   
33 -1  0   -2  -1  0   -2  0   0   
34 -2  -1  0   -2  -4  -3  -3  -2  
35 -3  -1  -2  -2  -5  -5  -2  0   
36 -1  1   0   -1  7   7   1   -1  
37 0   -1  1   2   1   1   -2  -1  
38 0   3   4   -4  -5  -4  0   0   
39 -1  0   -3  -2  -3  4   -1  -3  
40 -1  -3  -3  -5  -2  24  -1  0   
41 -1  -2  -2  -6  -1  -13 -3  0   
42 -1  3   2   4   1   3   1   1   
43 0   -2  -4  2   -1  0   -3  0   
44 1   1   1   -7  -2  11  1   0   
45 0   0   0   2   -3  -2  2   -1  
46 0   2   -1  1   -1  -3  1   -2  
47 0   -1  5   3   -3  -6  -2  -2  
48 -2  0   0   -13 -2  9   -6  -5  
49 -1  -2  0   -2  -2  -4  -1  -1  
50 -3  -6  -3  -4  -6  6   -2  -4  
51 0   1   -1  2   -2  -10 -3  0   
52 1   1   6   6   -4  -2  2   -4  
53 -1  1   -2  5   -1  3   -1  1   
54 -2  -2  -8  -5  0   4   -4  1   
55 -1  0   -2  -1  -2  -7  0   -2  
56 -2  -3  -4  -8  -5  -7  1   0   
57 1   1   1   10  0   -19 5   4   
58 -2  -1  3   -1  -3  2   -3  -1  
59 -1  0   -2  3   1   -4  0   2   
60 -1  2   -1  2   -2  1   1   -2  
61 -2  0   -1  -9  -1  -18 -2  2   
62 -3  -4  -1  4   -2  -6  -2  0   
63 0   -2  0   5   0   -1  -2  2   
64 -2  -3  -1  -4  -4  -6  -3  -1  
65 -3  0   -1  2   -1  21  1   -3  
66 -1  -2  -5  -7  -5  -15 -3  -1  
67 -3  -3  1   7   5   3   -1  0   
68 -1  -3  -2  2   0   -1  0   -1  
69 -1  1   -3  -3  -1  -1  -2  -1  
70 0   -1  1   2   -2  2   -1  -1  
71 0   -1  0   4   0   0   0   1   
72 1   -2  -5  -8  -3  8   4   -1  
73 -2  1   -3  0   -1  -6  -3  -2  
74 -2  1   1   4   2   -7  1   -3  
75 1   -1  -3  -6  -2  -8  -4  -1  
76 1   0   -4  -1  0   5   -1  -1  
77 -2  -2  0   -1  1   10  1   -4  
78 -2  1   0   -1  -2  -4  0   1   
79 1   -4  -3  -4  2   6   2   1   
80 0   -5  -4  -3  -2  -4  -2  -1  
81 1   -1  -2  0   2   4   2   -1  
82 -1  -1  1   1   -6  0   -3  0   
83 -2  -4  -4  -7  1   -1  2   -3  
84 -4  -1  2   8   -1  -18 -7  -3  
85 1   -1  -1  -9  0   11  -2  -1  
86 0   1   2   -2  -10 -3  -1  0   
87 0   -3  -2  -2  -5  4   -1  -3  
88 14  -7  -11 0   2   3   13  -6  
89 -2  2   -3  -17 -4  29  -2  -5  
90 -3  -2  0   -9  -19 -86 -7  -1  
91 -5  2   5   8   2   1   5   2   
92 2   1   1   -9  12  -40 5   2   
93 0   0   -10 -16 -7  -31 2   4   
94 -4  -2  0   -1  -10 3   -2  -3  
95 2   1   11  21  17  24  0   0   
96 -11 -8  -5  -24 -20 94  -14 -10 
97 -4  -3  -6  -7  -16 5   0   -5  
98 -3  -1  -2  1   10  49  0   -5  
99 -3  -3  -2  -2  11  38  4   -4  
100 -4  -3  0   -1  -23 -20 -12 -8  
101 -6  -8  -1  16  2   13  1   -3  
102 0   -3  -3  -5  1   1   -3  -2  
103 9   5   6   19  17  12  -6  1   
104 -4  -4  -5  -11 -7  16  -5  -2  
105 -5  -2  4   -2  -1  -5  -3  -2  
106 1   1   4   7   27  48  9   1   
107 -6  -2  -10 -15 -17 40  0   -5  
108 -1  -2  -3  3   -8  21  0   1   
109 -2  -4  -5  -22 -8  54  5   0   
110 3   3   4   -4  -1  -8  -1  -1  
111 2   -1  2   3   2   -14 4   1   
112 0   0   6   13  7   -8  2   2   
113 0   0   0   4   8   38  11  2   
114 3   -1  -3  5   13  -23 3   2   
115 -3  0   -2  -2  -6  -11 -3  -2  
116 -1  -2  -3  -5  -13 13  1   1   
117 -1  2   -3  -10 -3  -32 1   3   
118 1   1   -4  0   0   -41 3   2   
119 1   0   5   15  1   -13 5   1   
120 1   -1  3   11  13  8   4   1   
121 1   -4  -5  -12 2   56  2   -2  
122 0   0   -2  -1  -1  -13 -4  1   
123 -1  -3  -2  3   0   8   4   0   
124 -1  -2  -1  -5  1   -1  5   -1  
125 -3  0   1   -3  -5  -5  -3  -3  
126 -1  1   -2  -2  17  42  -3  -3  
127 2   2   2   11  3   -28 -2  3   
128 1   -4  0   -4  1   -17 -7  1   
129 -1  2   2   -1  2   22  5   -2  
130 0   -2  -3  -4  4   17  1   2   
131 -1  0   -1  0   -6  -42 -4  0   
132 0   0   2   3   10  14  0   1   
133 2   1   -3  9   -6  -29 7   4   
134 -1  1   -1  0   -6  -24 -5  -3  
135 1   1   -3  -8  -13 3   6   2   
136 2   1   4   14  5   41  2   3   
137 -2  1   -3  -2  11  47  0   0   
138 -3  -3  -2  -13 -3  -18 -4  -6  
139 -3  -4  -3  -4  -6  21  -4  -5  
140 0   -2  -2  -1  7   1   0   3   
141 1   0   -4  -4  16  27  2   -1  
142 -3  -4  3   5   0   -5  3   -4  
143 0   -1  -2  -3  -7  -24 -2  0   
144 -2  -2  -1  -14 3   -16 0   0   
145 -2  0   2   9   -5  -20 -2  -3  
146 3   -1  -6  -10 -1  -38 -3  3   
147 -2  -5  -2  -11 0   -17 0   -3  
148 1   1   5   9   3   -1  0   2   
149 -4  -2  -11 -18 -13 54  -7  -6  
150 -5  -4  -6  -14 -17 -64 -3  -3  
151 -4  -4  -2  -2  -7  -53 -12 -6  
152 1   1   2   -4  -5  -13 -3  0   
153 -4  -5  -2  4   2   9   -5  -3  
154 -1  -2  3   18  6   0   1   -1  
155 -2  -2  -2  -4  6   17  6   -3  
156 -2  -2  -2  -2  -16 -74 -2  -3  
157 2   5   6   12  -4  10  8   5   
158 -4  -2  0   0   -8  -51 -7  -1  
159 1   0   -1  6   5   8   0   0   
160 0   0   3   17  2   -2  -2  1   
161 -3  -3  -1  7   9   7   -1  0   
162 0   -1  -6  -17 -6  -6  -2  -2  
163 -1  1   1   15  6   -39 0   2   
164 -2  -2  -1  1   -11 -76 2   -2  
165 -1  -3  2   16  10  -5  -5  0   
166 0   2   3   3   9   22  4   -2  
167 -2  3   2   7   8   21  6   4   
168 -2  1   -4  -15 -16 -18 -8  1   
169 -1  -2  -3  -1  -1  -20 -6  -1  
170 -4  -1  5   7   5   10  0   0   
171 1   -3  -2  -12 -18 -26 -10 -2  
172 0   0   0   -15 -3  24  0   -1  
173 0   -3  -4  5   2   -13 -3  -2  
174 -4  -6  -9  -17 -6  34  -5  -3  
175 -3  -3  -2  10  1   -11 0   -1  
176 1   1   1   -2  -6  -39 -1  0   
177 -2  -6  -7  -17 -7  2   -3  -3  
178 0   0   -2  -1  -1  1   3   0   
179 0   1   0   7   -3  24  -1  -2  
180 2   3   3   4   5   7   5   0   
181 -3  -4  -3  3   -6  1   -2  -1  
182 2   2   1   14  21  -8  7   5   
183 -2  -2  4   -5  -2  -18 -4  -2  
184 0   1   -2  -6  0   4   -3  -2  
185 4   4   5   0   6   26  6   -1  
186 -2  -2  -1  -10 -10 -11 4   -1  
187 0   -1  -1  2   -3  -14 1   0   
188 4   3   -1  -11 -7  -28 -1  1   
189 0   0   -1  2   -1  2   0   1   
190 0   0   0   1   0   -4  -3  -4  
191 -3  0   2   -6  -2  6   0   0   
192 -2  -2  -2  -2  -5  -6  1   -3  
193 -2  -2  3   9   1   1   -1  -1  
194 -4  -1  1   -5  -4  -1  -2  -4  
195 -1  -1  0   5   0   -6  0   -1  
196 0   0   1   9   5   -2  -3  -1  
197 -3  2   -1  -7  0   1   2   0   
198 1   3   6   -1  0   -6  -2  -1  
199 -1  0   1   -4  0   -1  -1  -1  
200 0   2   -3  3   -2  -4  -2  0   
201 -1  -2  1   1   -5  -4  -1  0   
202 -1  -3  0   0   0   3   1   -2  
203 -2  2   -2  0   1   3   2   -1  
204 -2  -3  1   3   -1  6   -2  -1  
205 1   0   0   5   0   -7  -1  0   
206 -2  -2  0   -5  3   15  -2  -2  
207 -3  0   -4  -17 -9  -10 -7  1   
208 -2  -1  1   7   2   3   2   -1  
209 -3  -4  -4  -3  -3  0   -1  -3  
210 0   -2  -2  -1  -5  1   0   2   
211 -2  -2  -2  6   -5  -10 -2  -2  
212 0   -4  -1  0   -3  -33 -14 0   
213 0   -3  -2  3   -5  9   -3  -2  
214 -1  -1  -1  0   -2  -1  -1  1   
215 0   -3  1   6   -1  1   -2  -4  
216 -1  2   -1  -2  2   4   4   -1  
217 -3  -2  -3  -3  3   0   0   -3  
218 -1  -1  -2  -1  -3  -2  -4  -1  
219 -1  -1  -3  -2  2   -2  -5  -1  
220 -1  -1  -4  -9  -4  5   -2  0   
221 -1  -2  -2  1   1   -4  7   2   
222 0   0   1   0   -3  -7  -1  -2  
223 -1  -1  -1  -3  -1  3   0   -1  
224 -1  -1  -1  -2  -4  -2  0   -2  
225 0   -2  -3  -1  -1  -9  -2  1   
226 -1  -3  -5  -6  3   9   0   1   
227 0   1   5   0   3   0   -2  -5  
228 -3  -1  -3  -14 -5  -8  1   -4  
229 0   -1  0   1   1   0   2   4   
230 -2  0   9   0   -8  -7  -12 -5  
231 -1  -1  -1  -1  -2  -5  0   -1  
232 -1  -2  -2  -1  1   3   -2  0   
233 1   -1  -1  1   -1  11  0   1   
234 -1  -1  -4  -1  0   0   -2  -1  
235 2   2   0   5   -2  -1  0   0   
236 -2  0   -3  -1  2   -6  -4  0   
237 0   -2  -1  -5  -3  -3  1   -1  
238 -1  -1  -5  -5  1   17  -2  0   
239 0   2   7   8   -4  0   1   0   
240 1   1   -1  -4  -3  -11 -2  -2  
241 0   -3  -1  -2  1   -3  1   -1  
242 -3  -1  2   2   -2  -2  0   0   
243 -1  -1  1   -2  -3  -17 -1  0   
244 0   1   -1  1   2   2   -1  -2  
245 -1  0   0   6   1   4   0   -1  
246 -3  -3  -4  -5  -7  4   4   -1  
247 -1  -3  -3  -3  -6  -9  -1  -1  
248 -1  0   -2  -1  -2  -17 -4  -1  
249 0   -2  1   2   -1  36  1   -1  
250 -2  1   -3  -12 -7  5   0   -2  
251 2   2   0   2   2   -3  7   1   
252 -3  -3  0   0   1   -5  -1  -2  
253 -3  -3  -3  1   -3  7   -8  0   
254 0   1   4   8   6   23  1   -3  
255 -1  -3  -2  -1  0   0   -2  0   
256 0   -1  0   4   -3  -4  2   1   
257 0   1   1   3   2   -5  -2  1   
258 -4  -3  -1  -2  -2  1   -5  -2  
259 0   -4  -1  3   3   6   0   -1  
260 -3  -4  -3  -2  -3  -3  -2  -2  
261 -1  -2  2   3   0   5   2   0   
262 1   -1  0   2   1   6   1   1   
263 0   2   1   -10 -2  -9  -3  0   
264 -2  0   -2  -1  -7  -13 -1  1   
265 -1  -3  2   1   3   15  -2  2   
266 -1  -2  -3  1   1   -1  2   -1  
267 -1  -3  0   3   -2  0   1   -1  
268 1   -1  -4  -4  2   -3  0   -3  
269 -1  -2  -2  -1  2   -7  -3  0   
270 -1  -2  -1  -3  1   6   2   0   
271 -1  1   1   1   1   1   0   -2  
272 1   3   2   -3  -1  11  -5  2   
273 -2  0   0   -1  0   -6  4   -1  
274 2   1   0   -5  1   -5  4   -1  
275 3   5   2   -5  -7  -26 7   0   
276 -5  -4  -1  -13 -1  -16 -2  -1  
277 2   1   5   4   0   -33 -6  5   
278 -2  -11 -14 -18 -17 6   -25 -6  
279 23  6   16  26  14  -15 15  21  
280 8   8   16  18  33  55  0   11  
281 7   4   13  19  50  93  18  5   
282 -3  0   5   3   -5  24  1   1   
283 2   1   -5  1   -7  -41 8   11  
284 -17 -26 -17 -22 -40 49  -42 -21 
285 2   -4  -11 -15 -11 14  17  0   
286 1   -7  -12 -29 -38 -106-19 -1  
287 -1  -6  -14 -46 -36 -3  -22 -10 
288 7   6   4   17  14  18  22  6   
289 3   9   8   -38 -10 -39 -9  -3  
290 0   4   2   20  22  16  27  3   
291 0   1   0   -2  8   -4  -2  1   
292 5   -2  -18 -38 -75 -68 -18 -8  
293 -1  2   7   12  35  -31 12  1   
294 -5  -4  0   -7  9   59  4   -8  
295 -7  -8  -8  -8  -4  0   -13 -5  
296 1   1   -2  -4  -4  -67 -6  5   
297 5   5   1   -7  22  127 24  4   
298 1   1   -5  -49 -3  -51 0   1   
299 2   -6  -2  -4  8   -65 2   -3  
300 -3  -5  -2  5   14  74  9   -2  
301 -3  0   5   1   -4  -13 -5  -3  
302 2   1   6   3   28  -28 18  3   
303 -2  -7  -12 -4  -16 -12 -4  0   
304 1   3   1   -15 15  11  -3  2   
305 2   2   12  54  48  52  13  3   
306 -3  -6  -5  2   10  70  -3  -3  
307 3   0   -9  -7  -24 -43 -9  -1  
308 1   -1  -2  -3  -4  -16 5   -1  
309 -2  -3  3   15  25  73  1   -1  
310 -4  -5  1   -6  -23 21  -18 -8  
311 -1  0   7   21  2   -30 -9  0   
312 -4  -3  -4  -9  35  127 1   -3  
313 1   0   -1  2   16  -44 12  4   
314 -2  -1  8   -7  4   -11 1   0   
315 2   2   0   12  21  1   -6  3   
316 1   2   -1  -2  -2  52  9   3   
317 2   4   10  11  15  14  5   1   
318 -3  -6  -4  -4  -22 -32 -2  -4  
319 -5  -10 -12 -8  -12 1   -10 -4  
320 -1  2   4   16  28  -25 -3  2   
321 -1  -3  -1  -11 -26 103 -10 -6  
322 -1  -1  1   -6  3   24  5   4   
323 0   -5  2   23  5   20  -5  -2  
324 -1  -2  1   16  11  7   -3  0   
325 -4  -3  -2  -1  -17 70  -2  -6  
326 -2  -1  -5  -12 -7  21  -8  -4  
327 1   0   -2  7   -7  -32 7   3   
328 -1  1   2   5   2   -2  2   2   
329 -4  0   -7  -10 -23 -27 -10 -5  
330 1   2   5   10  -3  -11 1   2   
331 -7  -8  -12 -25 -21 -25 -18 -8  
332 1   0   -5  -6  9   -38 -3  4   
333 1   7   5   15  11  22  4   3   
334 -4  -2  -7  -14 -12 -25 -16 -3  
335 0   2   3   3   3   -48 16  0   
336 0   -5  -5  6   -5  76  11  -3  
337 -5  -5  2   -16 -26 19  -4  -9  
338 0   -2  -3  -15 1   -65 -4  -3  
339 0   -2  2   19  -18 -25 -9  3   
340 0   -6  -9  -7  -7  -25 1   -2  
341 1   2   -3  -9  3   2   5   3   
342 -2  3   6   14  -6  3   -8  1   
343 -4  -4  -2  0   0   1   -1  -1  
344 -3  -1  -6  -4  -14 -1  -5  -3  
345 -4  -2  -1  3   -1  18  -6  1   
346 -2  -3  -3  0   2   -9  4   2   
347 -7  -7  -7  -13 -14 1   -10 -7  
348 2   0   4   22  -4  -70 3   1   
349 -1  1   3   9   -3  -59 -20 -1  
350 -5  -4  1   -2  -9  -69 -10 -3  
351 -2  1   -1  3   -2  -18 -4  0   
352 -3  -4  -12 -23 -29 -7  -12 -7  
353 -2  -5  3   10  0   11  0   -2  
354 4   3   7   13  15  -40 2   5   
355 -2  -1  -2  -7  -2  43  -1  -5  
356 3   3   3   2   7   -19 -3  4   
357 -1  0   0   4   -7  -54 -3  -1  
358 2   -1  1   13  3   2   -4  5   
359 -3  -5  -3  5   1   32  0   -2  
360 -3  -3  -6  -11 3   42  -6  -2  
361 -3  -2  4   10  -7  -11 -8  -2  
362 -1  -3  -4  6   2   -1  5   -2  
363 0   0   -3  -11 -6  -31 -7  -1  
364 -1  -1  -3  -6  -6  32  -10 -3  
365 -1  1   0   7   5   19  -3  0   
366 -5  -7  -2  0   -9  -20 -8  -7  
367 -1  -1  -7  -21 -6  48  -4  -2  
368 -2  -5  -4  -15 -13 -9  0   -2  
369 -3  -5  -9  -12 -7  30  -5  -6  
370 1   1   3   8   5   16  -3  1   
371 0   -1  2   15  -2  -30 -2  3   
372 -1  -1  -6  -9  -11 -10 1   -2  
373 -2  0   -2  7   12  -1  3   -5  
374 -3  -2  1   1   8   6   7   -1  
375 -2  -1  0   11  6   -8  2   -2  
376 0   0   -3  -12 -3  5   -6  -3  
377 0   0   -2  6   23  -37 -5  -1  
378 -1  0   2   -8  -11 13  1   0   
379 -2  0   4   5   -2  13  -7  -3  
380 3   2   1   -4  -4  4   3   2   
381 -1  -1  1   -6  0   -8  1   -1  
382 -2  -2  -4  -3  -2  -15 -3  -1  
383 -2  -3  -1  6   -3  43  -4  -3  
384 0   -2  -6  -13 -3  -10 -5  -1  
385 -1  -2  4   0   11  9   4   -1  
386 0   -5  -3  4   -5  -3  0   -2  
387 -1  -4  1   -2  -2  -3  2   -2  
388 -3  0   -1  2   2   -1  1   -1  
389 1   1   0   0   -1  2   2   0   
390 0   -1  -1  -9  -10 1   2   0   
391 -1  -2  -2  -7  -3  -6  0   0   
392 3   -2  0   0   -4  6   -4  0   
393 0   1   4   14  0   1   -4  -1  
394 0   -2  -3  -1  2   10  5   0   
395 0   -1  0   -3  2   3   1   -1  
396 0   0   1   -8  -1  -4  -6  -1  
397 1   -2  0   13  0   -4  2   1   
398 -1  -2  -2  -3  -6  -23 6   -1  
399 -1  -4  -6  -14 -4  26  -8  -1  
400 -2  0   -4  -8  0   -2  8   1   
401 1   1   5   4   1   1   -2  -1  
402 0   -3  0   7   6   9   -3  -1  
403 0   1   -3  1   0   0   2   -1  
404 1   -2  -1  8   1   -7  -7  1   
405 1   0   -2  -3  3   5   5   -1  
406 -1  -1  2   0   -9  -19 -3  -2  
407 -1  0   0   1   -2  -15 -1  -2  
408 0   0   1   1   5   3   5   0   
409 -2  -1  2   0   -1  5   -3  -1  
410 -4  -2  -2  0   -10 -19 -4  -3  
411 -2  -3  -8  -9  -8  -21 -9  -2  
412 1   -1  -2  4   5   7   -6  -1  
413 1   0   -1  7   2   2   2   -2  
414 3   2   3   -1  0   -2  -2  -1  
415 -1  1   2   7   1   -1  -2  -2  
416 -3  -2  -1  1   -4  -13 -11 -2  
417 -2  -3  0   -1  -1  4   1   1   
418 -2  1   1   -1  -2  5   4   -2  
419 -1  -3  -3  -2  -4  -26 2   -1  
420 -2  3   3   4   5   13  4   -2  
421 2   2   4   2   2   15  -15 0   
422 0   -1  -3  0   5   11  2   -1  
423 -2  -3  -3  0   -1  24  -1  -3  
424 -1  -4  0   10  2   1   2   1   
425 -3  -2  1   4   -3  -9  -4  1   
426 -2  -2  -4  4   -4  12  4   -1  
427 -3  -5  -1  -7  -1  7   0   -3  
428 -2  0   -1  -3  0   -3  -8  -1  
429 -1  3   2   -3  -5  0   5   -1  
430 0   1   -2  2   3   4   1   -1  
431 -2  0   5   8   8   8   6   -1  
432 -3  -1  -2  -10 -4  -2  -6  -3  
433 2   1   1   -3  -1  -8  -3  1   
434 -1  0   2   2   2   16  4   0   
435 -2  -1  -1  -1  -12 1   -7  -2  
436 -1  -2  0   -1  4   26  6   0   
437 -1  1   0   -4  -1  1   0   0   
438 0   0   -2  -6  -1  1   0   2   
439 0   -3  -3  -3  4   16  -5  -1  
440 -2  -1  3   2   -3  -4  4   -1  
441 -1  0   -1  -5  -7  11  0   -2  
442 -1  4   2   -3  -1  -5  1   1   
443 -2  -2  1   7   8   12  0   0   
444 0   1   -3  -12 1   1   2   -2  
445 -2  -1  1   4   0   -3  1   -1  
446 0   -3  0   4   -1  -2  -3  -2  
447 -1  2   3   5   4   15  5   -1  
448 0   0   1   3   -3  -30 -1  0   
449 -1  0   -3  -1  2   6   0   2   
450 -2  -4  -6  -5  -6  -20 -4  -2  
451 -2  5   7   -12 -2  23  -2  -2  
452 -3  -4  -1  3   5   6   -3  0   
453 0   0   0   -7  0   -3  2   -2  
454 -2  0   -5  -6  0   3   0   0   
455 -2  -2  1   -2  -4  11  0   -2  
456 -2  -4  -1  -2  -1  3   -3  1   
457 0   3   3   0   5   -1  2   1   
458 0   1   0   0   -3  4   -7  -1  
459 -3  -3  -3  4   5   26  4   -1  
460 -1  -1  -3  -14 -7  -6  2   -1  
461 -1  -2  -1  0   -6  6   -1  -1  
462 0   1   -2  -20 -9  -14 2   -1  
463 -1  0   0   -7  -9  -28 -7  -3  
464 -1  -2  0   3   1   -5  0   1   
465 -2  -2  -2  -1  5   4   -3  0   
466 -2  -2  -3  -2  2   -14 2   -1  
467 -2  -2  -3  -1  -4  -3  -2  -3  
468 -1  1   -4  -6  -8  -4  -2  -1  
469 -1  -3  1   2   -2  3   -2  -2  
470 -1  -3  -4  2   -1  -10 1   -3  
471 -1  -3  -1  2   1   11  2   0   
472 -1  -1  0   -5  -4  -2  -3  -1  
473 -2  -3  -2  -3  3   5   2   1   
474 0   -3  1   6   -3  -5  -10 -2  
475 -3  1   0   5   6   3   1   0   
476 1   -1  -3  -8  -2  -2  1   0   
477 -3  -1  2   -1  -7  1   -3  -3  
478 1   -3  2   4   -4  -12 -6  0   
479 -1  -3  -2  1   -5  -10 -7  -1  
480 0   -1  1   -12 -2  0   1   0   
481 -1  -3  -6  -4  -7  -13 -1  -2  
482 -2  0   2   4   0   2   -8  0   
483 1   -2  -2  0   2   -12 2   -1  
484 0   -1  -2  2   -1  4   2   0   
485 -2  0   -1  -9  1   2   -4  1   
486 -1  -6  0   0   1   1   -3  0   
487 0   -1  0   4   0   4   0   -1  
488 0   0   1   3   -5  -17 1   -1  
489 -1  0   0   2   -1  -4  -11 0   
490 -2  -4  -2  -6  -2  3   3   -1  
491 -2  2   2   3   0   -10 -5  -1  
492 -3  -2  1   5   0   -2  -6  -1  
493 -1  -3  -1  -1  0   -4  -4  -2  
494 0   -3  -6  -3  -1  0   -1  -3  
495 -2  -1  2   1   -5  -6  -7  -1  
496 -3  -1  -2  -1  -5  -18 -12 -2  
497 0   0   2   3   0   4   -1  -2  
498 1   -3  1   4   -6  -18 2   1   
499 -1  -3  -2  1   1   8   -1  -2  
500 0   0   -3  1   3   -2  5   -2  
501 -3  -4  -3  -1  -1  2   -2  -3  
502 0   -1  -1  7   2   8   3   1   
503 -1  2   2   0   0   -1  1   1   
504 1   0   -3  -5  -2  -4  -2  1   
505 -1  -1  2   5   1   1   5   0   
506 -2  -1  0   0   -2  2   2   0   
507 2   2   3   2   -1  2   4   -1  
508 0   1   -2  2   -7  -11 0   -1  
509 0   1   2   5   0   -1  -1  0   
510 -2  -2  -2  -14 -4  -3  -14 0   
511 2   4   0   -2  0   -3  -3  0   
512 0   -2  -1  4   2   1   4   1   
513 2   -2  0   5   -5  -3  -1  -1  
514 -1  1   -4  -9  2   2   -7  -3  
515 -3  -1  -2  9   0   -16 -6  -4  
516 -3  -1  2   -4  2   6   -4  -3  
517 -2  0   -1  0   0   -1  -2  -2  
518 0   -2  -4  -4  1   0   -1  -1  
519 0   0   -3  -11 -2  22  -2  0   
520 -1  0   -4  -3  0   -1  -3  -2  
521 -1  -1  -1  4   -3  -7  -1  1   
522 -2  -1  -1  -5  -8  -9  -5  -2  
523 -1  -2  -5  -6  0   -6  -7  -1  
524 -3  -2  -2  -3  -1  -15 -5  -1  
525 -1  -2  -2  -3  -1  1   7   -2  
526 1   1   2   -1  2   17  0   -1  
527 0   0   -1  2   2   9   -2  -2  
528 -1  1   2   5   5   13  -1  1   
529 0   2   4   4   2   1   4   -1  
530 -1  -3  -1  5   2   1   2   -2  
531 -1  -3  1   8   0   -1  -3  -2  
532 0   0   -3  1   -1  -3  0   1   
533 0   1   3   3   -3  -8  -5  0   
534 -3  -3  -2  -3  -3  -7  -1  0   
535 -3  -5  -2  -5  -3  -8  -1  -2  
536 1   1   -1  2   2   3   0   0   
537 0   -1  1   0   -3  -3  -3  -2  
538 -2  0   1   0   -1  -11 -5  -3  
539 -4  -1  2   7   1   0   -4  2   
540 -1  1   2   0   0   -4  -4  1   
541 -1  -4  -6  -4  -9  2   -1  0   
542 -1  -3  0   -2  -3  -2  2   -2  
543 -2  -4  -4  5   2   4   0   -1  
544 -3  -2  -1  -5  -2  -4  -9  -2  
545 -1  -1  -1  -15 -5  -3  4   1   
546 -1  -4  -7  0   3   4   -2  0   
547 -1  -5  -3  4   0   -3  -7  -5  
548 -2  0   -4  -4  -1  -3  3   1   
549 1   -1  -5  -9  1   -1  1   -1  
550 -2  0   -1  2   5   8   -6  0   
551 -3  -2  -4  -1  1   0   2   -1  
552 2   1   -1  -3  1   11  -3  -3  
553 -2  -2  -1  -4  -4  -3  1   -2  
554 1   -2  -3  -1  -2  -6  -2  -1  
555 2   -1  1   2   -1  2   -1  0   
556 -2  1   2   -1  -2  -3  -3  -3  
557 -1  0   -2  6   -1  0   -1  0   
558 2   0   0   -1  2   1   -1  0   
559 -2  0   0   -1  -2  -3  1   -1  
560 0   -1  -3  2   1   -3  1   1   
561 -2  -1  0   1   -5  -3  -2  -2  
562 -1  1   1   1   1   1   -3  0   
563 -2  2   0   0   0   -1  -1  -3  
564 -1  1   0   3   -1  1   -1  -2  
565 -1  -2  -1  -1  -2  1   -1  -1  
566 -2  -2  -2  -1  1   -4  -4  -1  
567 0   -1  0   -1  -2  -1  -3  -1  
568 0   -1  -1  0   0   0   0   -4  
569 -2  -3  -1  0   0   -2  2   0   
570 -2  -3  0   -1  -1  -2  -4  -1  
571 -2  -1  -2  0   2   -1  -1  -2  
572 -2  0   0   -1  -1  -1  2   0   
573 0   1   -1  -3  -2  -3  5   -1  
574 -2  0   1   -2  1   0   -4  -2  
575 1   -1  -2  -4  1   1   -3  1   
576 -1  -1  -1  0   -1  -3  -2  -2  
577 -2  -1  -2  0   0   -1  0   -1  