
1 0   0   0   0   0   0   0   0   
2 0   0   0   0   0   0   0   0   
3 0   0   0   0   0   0   0   0   
4 1   -1  -3  -5  0   2   -1  1   
5 -2  0   0   5   -1  0   -1  -1  
6 1   0   0   -1  0   -5  -3  -1  
7 -1  -6  -6  3   1   -3  -1  0   
8 1   2   6   -2  -1  3   -2  1   
9 0   -2  -1  2   1   0   2   -1  
10 -3  -3  -6  -6  -2  1   -3  -2  
11 -2  1   1   -5  -1  2   5   -1  
12 0   -1  0   3   2   19  2   0   
13 -1  0   0   -1  -2  5   1   -2  
14 -1  3   0   -11 -9  -6  -3  -2  
15 0   0   -3  -2  1   1   -5  -2  
16 0   -2  -3  -2  -2  4   0   0   
17 -3  -2  -2  -3  0   -5  2   -1  
18 -2  -4  -2  -2  -5  -5  -1  -1  
19 0   2   1   -2  -1  -4  -3  -1  
20 0   0   0   5   1   6   -1  -1  
21 -1  -1  1   0   0   0   -1  0   
22 -1  -5  1   5   -5  -3  -4  -2  
23 -1  -4  -5  1   -5  -12 -4  1   
24 -1  -1  -2  -6  -2  -4  -1  -1  
25 -2  -1  -2  -7  1   1   0   0   
26 0   0   -2  8   -7  -6  -3  0   
27 -1  -1  -1  -4  -2  -8  -4  -1  
28 0   1   3   5   4   5   -1  -1  
29 -1  -2  -1  9   -1  -11 -1  -1  
30 -1  -1  1   2   1   4   1   2   
31 -1  -3  -3  0   6   12  -2  -1  
32 -2  -1  -3  -3  -3  -4  -3  0   
33 -2  1   0   -11 -5  -5  -4  1   
34 1   -3  -3  -2  -11 -8  -1  -2  
35 -1  -1  1   -1  2   0   -2  -1  
36 -1  -1  1   4   4   1   2   -2  
37 0   0   2   10  6   19  6   1   
38 -1  1   -4  -1  -2  -1  -2  -1  
39 1   -3  -2  0   0   -3  -4  -1  
40 0   1   3   -1  -4  -8  0   -2  
41 -2  -1  -1  6   -2  2   -2  -1  
42 -1  -1  -5  -12 -12 -11 -2  -2  
43 -2  -1  0   6   0   3   -2  -1  
44 1   0   -1  -7  1   2   -3  0   
45 -1  -1  0   3   11  5   7   -1  
46 0   0   -4  -12 -3  13  0   -2  
47 1   0   0   -1  -2  6   1   -1  
48 0   -2  -3  -7  -1  -9  -3  0   
49 -1  -2  -2  -5  3   7   3   0   
50 -1  0   0   -1  -1  -3  -2  -2  
51 -1  1   5   13  9   4   0   0   
52 -3  -5  -5  -3  -3  2   -1  -1  
53 -2  1   3   11  1   -7  1   -1  
54 0   0   -4  -5  -5  2   0   -1  
55 -1  -2  -2  1   -2  -3  0   -2  
56 -2  -4  -5  3   -1  -4  1   -2  
57 -1  -3  -3  -1  -2  -2  -2  0   
58 -2  -3  -2  -2  -4  -4  2   0   
59 -1  -2  -3  2   12  13  2   0   
60 -1  -3  -5  -9  -6  1   -1  -1  
61 -1  1   1   2   -4  -2  -7  -2  
62 -2  2   3   -1  1   -3  0   -1  
63 0   1   0   1   -3  -5  0   -2  
64 -1  -1  -3  -9  1   6   -4  -1  
65 -1  -1  1   0   -1  -1  1   -1  
66 1   1   3   9   -2  -9  1   1   
67 -3  -3  -3  0   -2  -3  -2  -1  
68 -1  -5  -7  -2  -2  -1  -5  1   
69 -3  -5  -3  -6  -4  15  0   -2  
70 -1  3   5   1   0   7   0   -1  
71 -1  0   0   -1  -5  4   -2  -3  
72 -2  -3  -5  -4  0   -10 -4  -1  
73 -1  -3  -4  2   2   2   -4  -3  
74 1   1   3   10  1   0   2   -2  
75 -2  0   -1  -7  1   5   1   0   
76 0   3   0   0   1   3   -1  0   
77 2   2   3   9   5   6   -1  -2  
78 1   -1  -2  -2  -6  4   2   0   
79 -2  -4  -1  7   4   7   0   0   
80 -2  1   2   -4  0   0   0   -2  
81 0   0   -2  -2  -1  6   2   0   
82 -1  -2  -1  12  1   7   1   -3  
83 -2  0   -4  -11 -24 0   -2  0   
84 0   2   3   1   14  -6  -1  -2  
85 2   -1  2   10  -1  5   -1  0   
86 2   1   6   10  19  -2  -2  0   
87 0   1   4   5   -1  -2  -1  -1  
88 1   -1  -5  -10 11  0   4   -1  
89 -2  -2  0   -1  11  14  -3  -1  
90 -6  -8  -10 -8  -26 -10 -8  -6  
91 4   4   5   -13 -4  -4  0   1   
92 11  13  18  25  -1  14  20  12  
93 3   -4  4   10  7   -3  -4  2   
94 3   2   1   10  -5  12  9   5   
95 -8  -3  -2  27  13  8   8   3   
96 -3  2   0   -15 -8  -25 -8  -2  
97 -4  -3  -1  10  -2  -2  -3  -3  
98 -11 -11 -9  -9  19  -6  1   -5  
99 -2  -6  0   8   -1  24  3   2   
100 4   7   5   5   -1  8   5   2   
101 -2  -1  -1  -1  -16 -14 -12 -3  
102 -2  3   3   -2  -10 -20 -14 -4  
103 1   -1  -2  -11 -2  5   5   0   
104 -1  -2  0   3   -1  -6  1   -1  
105 -3  0   -6  -15 -31 -1  0   -1  
106 0   3   4   2   0   10  5   1   
107 1   2   4   1   30  -2  5   2   
108 -2  -3  -4  1   11  -2  3   -2  
109 2   0   0   4   3   7   0   1   
110 -3  -4  -3  -6  -8  -7  2   -2  
111 -3  -4  -5  15  14  -8  7   1   
112 -2  -1  -3  -3  -15 -38 -5  -2  
113 -2  -4  -7  -7  5   4   -2  -3  
114 0   -3  -10 -20 -31 1   -10 -2  
115 -3  -2  -2  4   -4  0   -7  -2  
116 1   3   3   7   0   -7  -3  1   
117 1   0   3   4   17  -11 -4  3   
118 -3  -2  4   -1  -5  2   -3  -1  
119 -1  0   -2  -16 -18 -18 1   -2  
120 1   1   1   -2  0   -4  -3  1   
121 1   -2  2   -2  7   5   2   -1  
122 1   2   9   26  11  -10 3   0   
123 -3  -1  -3  4   6   -3  3   -3  
124 7   8   3   -6  -8  8   5   4   
125 3   4   4   -2  9   3   0   1   
126 -1  -2  -3  0   -12 -1  2   2   
127 -3  -4  -3  4   23  12  0   -1  
128 0   -1  -4  -2  4   14  0   0   
129 3   -1  0   5   -1  -3  2   2   
130 0   0   2   0   -4  -5  2   2   
131 -6  -6  -5  2   0   -2  -3  -4  
132 -5  -5  -3  4   12  0   1   -4  
133 0   2   6   17  3   -23 0   -3  
134 -5  -8  -4  0   4   7   -5  -5  
135 -1  1   0   -19 -9  -5  -1  -1  
136 2   0   -1  -3  5   12  0   0   
137 3   4   -1  -5  -6  -4  0   0   
138 -1  -1  -1  -12 -3  -4  2   -2  
139 -6  -7  -4  14  -4  -10 -6  -7  
140 -3  0   7   20  4   -30 -6  0   
141 -4  0   0   -22 -12 -15 -4  -2  
142 2   1   6   4   6   5   -1  0   
143 2   3   4   -3  10  22  9   2   
144 2   2   1   -12 18  18  0   0   
145 -3  -4  -4  -5  2   12  0   -2  
146 -2  -1  -2  5   6   3   -2  1   
147 1   1   -4  -15 -6  -1  -1  -1  
148 -2  -3  1   6   -3  -1  -2  -1  
149 -6  -5  -2  8   4   -3  -2  -4  
150 -1  -1  -3  -1  3   13  -1  -1  
151 1   2   4   -7  2   -2  0   1   
152 1   3   5   19  -1  2   -2  -1  
153 -3  -4  -1  -2  -9  -5  -2  -3  
154 -4  -3  -3  -13 -4  6   1   -2  
155 1   3   2   -4  8   2   -2  0   
156 -1  -1  -1  3   -5  7   0   -1  
157 -1  -2  2   14  5   1   1   -1  
158 -1  -2  -2  -2  0   1   -4  -2  
159 -2  1   2   7   -3  2   2   1   
160 1   0   -1  8   -2  26  -2  -3  
161 -2  -2  0   2   6   -5  -1  -3  
162 1   2   0   8   3   -3  -1  -1  
163 -1  -1  0   13  11  -7  2   1   
164 -6  -7  -5  -2  0   -10 -4  -4  
165 1   1   0   -4  -13 -15 -2  0   
166 -2  -5  -6  2   -18 -23 -6  -2  
167 -1  -1  2   8   -17 -15 -6  -2  
168 2   1   -4  -3  1   3   3   -1  
169 -3  -1  -3  1   6   -18 -4  1   
170 -2  2   1   -3  6   18  2   -1  
171 -2  -4  -1  8   -7  -11 0   0   
172 0   -1  -2  14  5   20  3   2   
173 1   0   0   16  13  2   -3  -3  
174 -1  3   2   -4  -1  10  2   3   
175 -5  -7  -8  -7  -17 -8  -3  -6  
176 -1  -2  3   8   7   8   2   -1  
177 0   3   2   3   11  11  3   2   
178 -1  -1  -3  7   5   5   2   1   
179 2   0   4   3   -4  -1  -4  1   
180 -1  1   2   7   8   17  -4  -1  
181 -2  -1  1   5   7   -6  -2  -3  
182 2   0   4   11  -4  -2  -2  -1  
183 0   -2  -1  -1  2   -1  -3  0   
184 -2  -4  -3  -13 -14 -13 -4  0   
185 -2  -2  -2  11  0   -15 -5  -1  
186 -2  0   0   -5  -1  10  -3  -2  
187 2   1   2   9   6   2   3   2   
188 -6  -5  -12 -49 -93 -65 -16 -17 
189 -4  1   4   7   21  11  0   -3  
190 -1  -1  5   15  20  21  2   1   
191 -1  -4  -3  8   3   5   -1  -1  
192 -1  -1  -2  -16 -30 -10 1   0   
193 -2  -1  -7  -15 -1  -3  2   1   
194 -4  -1  1   7   28  7   1   0   
195 1   -1  -1  4   9   10  0   0   
196 0   1   -2  -4  -1  -8  -1  -1  
197 0   1   5   8   1   -6  0   -2  
198 1   -1  -2  -2  -9  1   -2  -1  
199 -1  -1  -4  7   3   -7  6   -2  
200 -1  -1  -2  -1  3   -4  0   -2  
201 1   1   -1  -1  2   -11 -5  -2  
202 -1  0   -2  -6  4   -9  -4  -1  
203 -3  1   1   6   6   -15 -4  -2  
204 -2  -2  -3  -5  -2  -2  -2  -1  
205 1   -2  -3  9   2   -17 -2  0   
206 0   2   -3  2   6   -1  -2  2   
207 0   -2  -3  -4  4   3   2   0   
208 2   1   2   2   9   7   1   0   
209 -2  1   0   -6  -2  -2  -1  -1  
210 -5  -1  0   -4  0   -17 -5  -3  
211 1   -3  -4  4   0   1   0   1   
212 0   -2  1   4   1   4   -7  -1  
213 -2  -4  -4  1   -6  4   -1  -3  
214 0   1   -1  16  1   -7  -4  -1  
215 0   -1  -3  -3  4   9   0   -2  
216 0   3   -3  -5  5   -15 0   -1  
217 2   1   3   -2  -2  0   -1  0   
218 -2  -1  0   -2  4   -16 -1  -1  
219 -1  -2  -3  -5  -15 -3  -5  0   
220 1   -1  0   1   -6  3   -1  3   
221 -3  -4  -2  -1  -12 -11 -5  -2  
222 -2  -2  -1  7   -2  -3  1   0   
223 1   4   4   13  0   -6  0   1   
224 -1  -2  1   5   -2  9   0   0   
225 2   2   -4  4   11  4   2   -1  
226 -3  -2  -3  1   -3  -4  -5  0   
227 0   1   3   2   5   4   2   -1  
228 -3  2   -4  -16 -25 6   -4  0   
229 0   -4  -4  3   8   -19 3   -1  
230 2   3   3   2   -14 5   -1  -1  
231 -2  2   7   17  -3  -12 -2  -2  
232 -1  -2  1   6   5   -5  1   0   
233 0   -1  -3  -6  -1  -9  0   0   
234 -2  -2  -2  3   -3  -12 1   1   
235 -2  -4  -2  13  -1  -1  -1  0   
236 -1  1   0   -13 3   -7  0   1   
237 0   -3  1   2   -4  2   -1  0   
238 0   -2  -4  -7  -2  -2  -1  0   
239 1   -3  -6  -5  1   -3  0   -1  
240 -2  -1  1   3   10  -9  2   1   
241 0   1   2   -2  2   2   -2  0   
242 -3  -3  -7  -2  -3  10  4   -2  
243 -1  -3  -1  1   -2  -4  -3  -1  
244 -2  -4  -4  7   8   -15 0   -1  
245 -1  -5  -5  2   -5  -9  -1  -2  
246 1   2   -1  1   0   4   0   -2  
247 1   3   3   -11 -11 -5  -1  1   
248 -2  -6  -6  -1  -3  -9  -5  -3  
249 -1  2   3   0   0   1   -1  0   
250 -1  0   2   11  5   15  2   -1  
251 1   1   4   1   1   -4  -2  -1  
252 -1  0   0   -4  -1  -10 0   -3  
253 -1  -2  -1  -1  2   4   1   -2  
254 -1  1   -2  -11 -3  -13 -1  -2  
255 0   -1  -1  8   -3  0   -2  -1  
256 0   1   2   -8  3   13  2   -1  
257 -2  -2  -4  -4  2   1   -5  0   
258 -2  -2  0   6   -1  -2  0   -3  
259 1   -2  -5  -10 0   14  1   0   
260 1   -1  -2  5   3   -11 1   1   
261 1   -1  -2  -5  -1  -7  -1  -2  
262 -1  3   4   -3  10  -16 -2  1   
263 -1  -2  -2  -7  -7  -11 -4  -2  
264 -2  1   1   13  7   2   -4  -1  
265 -3  -3  -4  -10 -7  -21 -3  -1  
266 1   -1  -1  -2  0   9   0   -1  
267 -1  0   0   2   4   30  2   -1  
268 -3  -1  -5  -3  3   5   -3  -1  
269 0   -2  -4  -3  2   -17 -1  0   
270 2   2   2   2   -2  7   -2  -2  
271 -4  -4  -3  6   0   2   -1  -1  
272 0   2   -1  -4  -7  -2  0   1   
273 0   -1  -2  -6  7   4   2   -1  
274 -2  -1  -1  -9  0   -11 -1  0   
275 -2  -4  -5  -4  -9  -2  -4  -2  
276 -2  -3  -8  -8  6   -4  0   -2  
277 -2  -3  -3  -5  -23 2   -1  -3  
278 0   -2  -2  -1  4   1   0   -1  
279 2   1   3   4   12  3   5   3   
280 1   2   1   -1  -7  -16 0   0   
281 -4  2   -3  3   19  51  7   4   
282 9   6   -5  18  6   -7  10  -1  
283 0   0   1   10  -1  15  6   -2  
284 -16 -1  6   10  11  5   2   0   
285 3   0   2   0   19  -4  -2  3   
286 3   2   -3  -29 -11 2   -2  -2  
287 4   -1  3   31  7   -22 -3  4   
288 -2  -2  -2  18  10  47  14  -3  
289 2   0   4   10  5   -2  -1  1   
290 -1  5   7   -17 5   5   2   -1  
291 -4  -6  -5  17  3   4   -10 -1  
292 0   3   0   16  8   -11 -3  -2  
293 -1  -1  -3  -6  -1  1   -4  -1  
294 -3  -3  -5  0   -16 14  -4  -3  
295 0   4   -2  -28 -5  -6  7   0   
296 -4  -5  1   7   3   -3  0   -2  
297 2   2   -5  2   4   17  -4  1   
298 -4  -3  4   17  0   -2  3   1   
299 0   -1  1   4   8   -5  3   -2  
300 0   1   -1  -14 -11 1   1   -2  
301 -1  1   0   -1  2   -4  2   0   
302 0   -2  -2  1   -5  -8  -1  1   
303 -2  -3  -1  -4  -8  7   -1  -1  
304 3   1   0   0   -5  1   -1  -1  
305 -4  1   1   0   -11 -39 -11 -4  
306 2   -1  -3  -9  -8  -14 -2  -1  
307 -2  0   1   4   9   5   -1  -4  
308 0   -1  -3  -16 -9  -4  2   -5  
309 1   1   5   9   2   6   -1  -1  
310 -3  0   -4  -8  0   -1  -5  -3  
311 -5  -2  -4  -13 -2  1   1   -2  
312 -1  -4  -11 -30 -10 0   -4  1   
313 1   1   1   15  9   -7  1   -1  
314 -5  -2  -3  5   1   19  -1  -2  
315 0   2   1   -6  -5  -4  -2  -3  
316 0   -5  -9  -16 -4  -15 3   -2  
317 2   0   -4  -7  5   -14 -8  2   
318 -2  -4  -2  4   -7  -2  1   -1  
319 1   4   8   1   5   12  -5  0   
320 -1  0   3   -1  -5  -17 2   -1  
321 -1  7   3   0   8   19  2   -2  
322 -1  1   -1  9   -1  -18 -2  2   
323 1   -1  -2  -8  -7  -9  -3  -1  
324 1   4   6   10  1   2   -2  0   
325 1   5   2   3   8   7   1   1   
326 1   -1  2   10  -8  -4  -2  -1  
327 -2  -5  -5  3   -1  7   -6  -2  
328 -2  1   -5  -19 -18 -6  -7  -3  
329 -1  1   0   -8  -2  -3  -4  -2  
330 -1  0   0   -3  0   -7  2   0   
331 0   -2  2   -21 -6  6   3   1   
332 -1  -4  -3  6   6   13  0   -3  
333 -5  -3  -1  8   -3  1   -1  -1  
334 -3  -1  1   4   -6  -18 -3  -2  
335 -1  1   0   -2  -7  -14 -4  -3  
336 -1  -3  -4  7   0   -3  1   -2  
337 0   -2  -4  -1  -17 -21 -6  -1  
338 -1  1   5   4   -5  -22 -3  -2  
339 0   0   -2  -3  0   8   2   1   
340 0   -4  -4  5   -11 -37 -3  -1  
341 -1  -2  2   11  9   -6  1   0   
342 1   4   2   -13 -1  19  3   0   
343 -1  -1  -2  -3  -1  5   3   -2  
344 -1  -2  -1  12  -5  -12 1   0   
345 0   -1  -3  -3  3   -4  2   -3  
346 1   0   6   4   -4  33  3   -1  
347 1   0   -7  -19 -2  5   -3  0   
348 1   0   1   6   5   21  3   0   
349 -1  -2  -4  0   -1  -13 1   -2  
350 0   -2  -2  5   1   -8  0   1   
351 2   2   5   1   4   6   1   -1  
352 -2  -1  -4  -17 0   22  3   2   
353 1   -2  -3  -6  -4  -5  -1  0   
354 0   1   3   -28 -11 31  -1  0   
355 -2  -1  1   -14 -5  0   -3  -2  
356 1   0   -2  -6  -11 -27 -3  0   
357 -1  -4  -9  -9  -4  -16 -1  -2  
358 -2  0   2   5   1   -1  -3  -2  
359 2   2   1   -5  2   -2  1   -3  
360 -2  -4  -6  -5  -4  0   -4  0   
361 -1  -2  0   -12 -5  2   -2  -4  
362 1   -1  -4  -24 -6  -9  2   1   
363 -5  -4  2   2   -12 -11 -7  -7  
364 3   3   -1  -18 0   -3  -1  -3  
365 -4  -4  -7  -9  -3  22  0   -1  
366 -2  1   1   5   8   3   0   1   
367 1   -1  -4  -14 -2  -4  1   2   
368 5   1   3   -12 -7  3   5   3   
369 1   -3  -5  -4  1   -18 -2  1   
370 -5  -4  -6  11  -1  4   2   -1  
371 -2  0   4   14  21  -9  1   1   
372 1   -2  -1  -8  -5  -1  -1  -1  
373 -3  -2  -6  -4  8   2   -2  -3  
374 -1  3   0   -1  7   -2  2   1   
375 2   -1  0   -9  11  -9  4   -1  
376 -3  -2  -1  -3  -1  -2  -1  -2  
377 -4  -1  2   12  5   -11 -1  -1  
378 -2  -4  -2  3   -2  7   -2  -2  
379 -1  2   -1  2   0   -5  -1  -1  
380 0   0   -3  3   4   -9  -1  -1  
381 1   1   2   6   -4  -29 -1  -1  
382 -1  -2  -4  -3  -3  -6  -2  -2  
383 -4  0   -3  -1  2   -10 -2  -2  
384 -2  -5  -7  2   9   23  2   -2  
385 -2  -3  -5  1   1   -4  -3  -2  
386 -3  -3  -1  4   1   -10 -1  -1  
387 -2  0   -4  -5  -2  1   -1  0   
388 -1  -2  -3  -6  4   -19 -2  0   
389 -2  -3  -2  -3  0   3   1   1   
390 0   -2  0   -4  -1  3   -3  -3  
391 0   1   -1  -5  -11 -7  -2  2   
392 -2  -1  1   4   2   -5  -2  0   
393 1   2   3   1   -1  -22 -2  0   
394 0   -5  -6  3   -3  -9  -1  0   
395 -1  -1  2   2   -4  -3  -4  0   
396 -1  -3  -5  -7  3   6   0   -3  
397 -2  -2  1   -2  2   10  2   1   
398 0   1   0   1   1   4   -1  -2  
399 -1  -2  -1  8   5   15  -3  -1  
400 0   2   5   -3  -1  -14 0   -2  
401 0   -3  -9  -4  -7  5   -1  -1  
402 -1  -1  -2  1   -7  -20 -3  -2  
403 -2  -2  -4  -8  -6  0   -3  -1  
404 0   -6  -10 -14 -5  -9  -2  -3  
405 -1  -1  3   7   1   2   1   -1  
406 0   0   -1  0   4   13  -2  -2  
407 2   2   7   2   0   -17 0   -1  
408 -2  -4  -4  -6  6   -11 0   -1  
409 2   2   1   -3  -1  1   -1  0   
410 -1  -4  -4  -5  -2  2   0   -1  
411 -3  -3  -7  -22 -18 -7  -1  0   
412 -3  -5  -4  -8  -9  -16 -3  0   
413 -2  -2  -3  -2  5   -2  0   0   
414 0   -2  -7  -13 -3  5   1   -1  
415 -2  0   -3  -5  -4  4   -1  -2  
416 -2  -1  0   7   -10 -5  -3  1   
417 -3  -2  -1  3   -3  8   -2  -2  
418 1   -2  -3  -13 -7  -12 -1  0   
419 -2  -3  -8  -14 -2  1   -3  -2  
420 1   -1  -5  -5  -1  -6  0   -1  
421 1   0   -1  -4  -4  5   -3  -1  
422 -1  0   4   -14 -3  -3  1   0   
423 0   -2  -5  0   -3  -2  -1  -2  
424 -3  0   4   14  9   12  3   -1  
425 1   -2  -2  12  0   -16 -2  1   
426 0   -1  -5  -6  -3  6   -1  -2  
427 -2  -2  -3  -14 -5  -8  0   0   
428 2   3   6   5   1   1   0   -1  
429 0   0   -2  -6  0   -5  -2  -1  
430 -2  -3  -5  4   -1  5   -1  -1  
431 1   1   -1  -3  -1  -5  -1  0   
432 -1  -3  1   -9  -5  -18 -1  -2  
433 1   -6  -7  -1  -3  -4  -2  0   
434 -1  -1  4   6   0   -2  -1  0   
435 -4  -3  -2  0   -4  3   -2  -2  
436 -3  -2  -5  -13 -15 -8  -3  -3  
437 0   -3  -4  -7  -6  -4  0   -1  
438 -2  -1  -2  4   -1  14  -3  -1  
439 -1  -4  -3  -15 -4  4   -2  -3  
440 1   0   1   -4  5   1   1   0   
441 2   -1  -1  4   4   -4  -1  -1  
442 -2  -4  -6  -15 -1  21  0   0   
443 -1  2   4   5   2   7   -2  -2  
444 2   -2  2   -8  0   -3  -1  -1  
445 -1  0   -3  -11 -2  0   0   0   
446 -1  -1  -2  -2  -3  4   -2  -1  
447 -2  -1  -3  1   -4  -4  -2  0   
448 -2  -1  -1  -6  -1  -1  -1  0   
449 -2  -3  -7  -9  5   -13 1   0   
450 0   -3  -3  2   -1  1   -4  -2  
451 -2  -5  -8  -16 0   -4  2   -1  
452 -1  -1  2   -1  -5  -7  0   -2  
453 -3  -5  -8  -4  4   2   -1  -1  
454 -2  1   5   7   -5  -2  -1  -2  
455 0   -2  -1  4   2   -11 1   -2  
456 -2  1   0   5   3   -4  0   0   
457 2   1   3   1   0   -20 0   1   
458 -2  -4  -6  -15 -6  -1  -2  -1  
459 0   1   2   8   0   -2  -1  0   
460 -1  -2  -5  -5  5   16  0   -1  
461 -4  -1  -3  2   -4  2   0   0   
462 -2  -2  -4  -19 -5  -11 0   0   
463 -2  -1  -1  0   2   -6  0   0   
464 1   5   4   -9  -15 -8  -5  1   
465 -1  -3  -7  -18 -9  11  -2  -2  
466 1   2   1   -3  1   4   -2  0   
467 -1  -1  3   -5  8   -1  -1  -1  
468 -1  -4  -7  -18 -4  -11 -3  -1  
469 1   1   1   -3  -3  1   -5  -2  
470 0   2   7   20  11  -7  -1  0   
471 1   0   0   4   28  -6  3   -1  
472 -1  -2  -2  -1  -8  -4  -1  1   
473 -1  -5  4   0   -9  -14 -5  2   
474 8   -1  -1  9   7   -25 5   8   
475 -3  -1  -1  -30 -18 -16 -4  -4  
476 -5  -3  -2  -3  -6  3   -6  -7  
477 -1  -2  0   2   -1  -8  -3  -2  
478 -3  -3  2   14  3   7   1   -1  
479 -2  -3  -5  -15 -13 12  0   1   
480 3   -2  -7  -7  -2  -3  3   1   
481 -1  -2  -4  14  6   2   0   -2  
482 0   -4  -3  5   -6  -2  1   -1  
483 1   5   10  20  10  3   -8  -1  
484 -1  0   -2  -15 7   5   2   -1  
485 -3  1   4   9   -7  11  3   -3  
486 1   0   -1  6   16  -2  6   2   
487 0   -1  0   -1  1   -6  -3  1   
488 -2  -1  0   6   4   -4  -2  -1  
489 0   0   2   10  3   6   -3  1   
490 -2  -4  -11 -17 2   6   1   -2  
491 -3  -6  -11 -7  -17 -26 -5  -4  
492 -2  -1  -7  -5  -13 0   -1  -2  
493 0   0   -5  -7  -16 4   0   -2  
494 -1  -1  3   4   -13 -7  -1  1   
495 -2  -2  -1  5   1   12  -1  -4  
496 1   2   4   -1  5   -1  -1  -1  
497 0   -1  -2  -3  9   28  5   -2  
498 1   3   3   7   4   9   -3  -1  
499 1   -1  1   11  -1  -3  -5  1   
500 -1  -2  -2  -9  -11 -6  0   0   
501 0   -2  2   3   1   7   1   -2  
502 -3  -7  -1  -1  -3  -4  -4  -3  
503 3   0   -5  -16 -10 14  0   -1  
504 -2  -1  1   -6  -3  -8  2   1   
505 0   -1  -3  -9  -23 -15 -1  -1  
506 -1  4   -1  -14 -4  0   -1  0   
507 -2  -5  -6  3   -2  2   -2  -1  
508 -2  -2  -4  -27 -7  9   -1  -1  
509 1   0   1   2   -5  1   1   0   
510 -2  -4  -7  -22 -10 -3  -1  -1  
511 -2  -2  2   -10 -19 -3  -5  -2  
512 -1  -1  3   10  8   3   0   0   
513 -5  -4  -1  -6  -6  0   -7  -5  
514 -1  -1  -3  -19 -29 -3  -2  0   
515 -1  0   -2  -8  -11 -3  1   0   
516 -1  -6  -4  6   1   -3  0   -1  
517 -3  -4  -4  -7  -8  -7  -5  -1  
518 -2  -3  -2  -8  -5  -16 0   0   
519 0   1   0   -7  2   -9  1   0   
520 -2  -1  -5  -9  6   12  1   -1  
521 -1  1   3   6   -7  8   2   -4  
522 -1  -3  -7  0   4   -1  -1  -1  
523 1   1   2   -1  0   17  -3  0   
524 1   -2  -1  -8  -8  5   0   5   
525 -1  -2  -3  -5  5   -3  -1  -2  
526 -2  1   2   -9  4   5   4   0   
527 -2  -2  2   7   8   29  0   -3  
528 2   -1  -1  3   -13 -9  -1  1   
529 -2  0   0   9   -5  1   1   1   
530 0   -1  0   2   5   5   0   2   
531 0   -1  0   2   -9  -7  3   0   
532 -2  -4  -3  7   13  1   4   -1  
533 -2  2   4   -1  -6  -3  -1  -1  
534 -1  -3  -6  -5  11  -4  3   -2  
535 0   0   5   3   0   15  1   -1  
536 0   -2  -4  -24 -3  -6  -4  -2  
537 1   -1  2   3   -12 -3  -4  -1  
538 -2  -4  -7  6   -13 -11 -7  -2  
539 0   1   -1  5   6   -21 0   0   
540 -1  -4  -4  -6  -2  -5  2   -1  
541 -3  1   -1  5   5   0   2   -1  
542 -1  0   1   5   -5  -7  -2  -2  
543 -2  -1  0   -2  -1  -3  4   0   
544 0   -2  -4  -11 -6  -26 -4  -3  
545 0   0   2   4   5   11  -1  -1  
546 0   -1  -1  -4  -20 -12 -1  -1  
547 -1  -2  -2  -2  -5  0   1   1   
548 -1  1   1   0   -5  29  0   -1  
549 0   -1  -7  -13 -8  -15 -3  -3  
550 0   2   0   -4  10  5   -1  -2  
551 -1  -2  -1  18  3   7   0   -3  
552 0   1   6   0   4   8   0   -1  
553 -3  -2  2   11  14  -1  -1  -2  
554 0   -4  -4  -6  -15 12  3   3   
555 -1  0   -2  4   2   2   0   -2  
556 1   1   4   8   8   10  -1  -4  
557 -1  -2  -7  -7  -5  -24 -7  -1  
558 -3  -1  2   5   2   -5  -3  -4  
559 -2  -3  -6  -4  7   -3  -1  -1  
560 -1  -1  0   -5  2   10  2   2   
561 0   1   0   14  -2  -27 0   0   
562 -3  -4  -3  -4  0   4   -2  -1  
563 -2  0   0   9   0   5   -4  -2  
564 -2  -1  0   -5  8   -1  1   -1  
565 1   -1  3   19  25  6   2   -1  
566 -1  0   3   4   -5  8   1   1   
567 -1  -1  -2  -4  1   18  0   -1  
568 -3  -3  -5  -2  -10 19  1   -3  
569 -2  -1  -3  -2  -6  -12 -2  1   
570 -1  2   6   9   9   12  1   2   
571 -3  -2  -9  -18 -9  10  -1  -2  
572 -2  -4  -6  -13 -13 -13 -4  -4  
573 1   1   5   12  13  14  1   0   
574 1   0   1   5   4   -3  0   0   
575 -2  -3  -6  -4  -8  -10 -5  -3  
576 -3  -2  -1  -3  -2  4   -7  -1  
577 0   -2  -5  1   -2  -1  -2  -2  
578 -1  0   0   -3  2   25  3   0   
579 -1  0   2   -5  2   -3  1   0   
580 1   0   -1  -7  1   1   1   1   
581 0   3   6   5   -3  1   -1  0   
582 0   0   1   -3  -5  -8  -1  -1  
583 1   -1  0   5   2   5   0   -1  
584 -4  -3  -2  4   3   1   -4  -4  
585 -2  -2  -1  1   -1  7   -2  0   
586 0   -1  -1  8   6   -3  -1  -1  
587 -3  -4  -4  5   4   9   -3  -2  
588 3   5   4   -10 -4  -5  -1  0   
589 0   2   5   7   4   -9  -3  -3  
590 0   1   4   -4  8   -7  -1  -1  
591 -2  -1  2   -2  -24 27  4   -1  
592 -2  3   9   11  12  25  -4  0   
593 -1  -3  -3  -8  -7  8   3   0   
594 0   2   3   -13 6   8   3   1   
595 -2  2   -1  -3  -5  -15 -3  -4  
596 -2  -4  -4  12  4   1   -1  -3  
597 -4  0   0   7   -10 -37 -5  -3  
598 0   1   -4  -12 1   7   -4  0   
599 0   0   -3  0   8   -4  5   0   
600 -2  -3  3   7   5   3   0   -1  
601 -1  1   2   1   4   28  1   0   
602 1   0   0   5   1   -6  -1  -1  
603 -1  -2  1   0   -9  -13 -4  -1  
604 -3  -1  0   5   0   -1  -1  1   
605 -2  -2  2   0   0   -28 -3  -1  
606 2   2   4   -8  3   6   5   -3  
607 -3  -3  -2  -3  0   -10 -4  2   
608 0   1   1   -1  -3  5   3   1   
609 -1  0   -4  -26 -5  2   2   0   
610 -1  0   -2  7   -2  5   0   0   
611 0   -1  3   -1  -1  -21 -5  0   
612 -3  -3  -5  -9  -1  0   -2  -2  
613 0   1   1   3   4   11  6   -1  
614 1   1   1   2   -5  1   0   -2  
615 0   3   3   -22 -5  2   2   -1  
616 -4  -3  -3  -4  5   8   3   0   
617 -1  -2  -3  2   15  35  4   -1  
618 -1  -1  10  10  2   8   4   -1  
619 0   0   2   -9  4   26  3   1   
620 -2  -2  -2  2   -8  -9  -4  -2  
621 -3  -2  -1  -11 -2  -13 -1  0   
622 1   1   4   7   4   -1  0   0   
623 -1  -1  -4  -3  3   0   0   -2  
624 2   2   0   7   3   -16 -4  -1  
625 -1  -1  -1  0   -8  -4  -3  0   
626 0   0   -3  -26 -11 7   -2  -1  
627 0   -2  1   2   -1  -4  2   -1  
628 -2  0   -2  5   5   0   0   0   
629 -2  -5  -4  0   -3  -1  3   -1  
630 -2  -3  -4  12  0   3   3   -1  
631 1   0   3   -5  0   17  -1  -1  
632 1   -1  -3  -11 -3  -12 -3  -2  
633 -1  -1  0   -8  -12 0   -4  -3  
634 1   0   -2  6   3   2   -1  -1  
635 -2  -2  -3  1   7   10  0   -1  
636 -1  2   0   1   -8  7   -5  -2  
637 -2  -3  -5  1   -2  -8  -3  -1  
638 1   3   5   -9  -3  -7  -2  -1  