
1 0   0   0   0   0   0   0   0   
2 0   0   0   0   0   0   0   0   
3 0   0   0   0   0   0   0   0   
4 -1  -1  -1  2   2   -1  0   -3  
5 -1  -4  -3  -3  -2  -4  0   -2  
6 0   2   0   2   -1  1   -1  0   
7 -2  -2  -1  -3  -3  -2  -1  0   
8 -2  0   -2  -10 -3  6   0   -2  
9 1   -1  0   7   4   -6  -2  0   
10 0   2   4   3   0   1   0   0   
11 1   -2  -1  -4  1   4   -3  2   
12 -1  -3  -5  -3  -1  -2  -3  0   
13 1   3   2   4   1   -2  1   -1  
14 -1  0   -2  -8  -9  0   0   -3  
15 -1  0   0   1   1   0   -5  -3  
16 -2  -2  -1  2   0   -3  0   2   
17 1   0   -2  1   -2  -2  -2  -2  
18 0   0   2   2   0   0   1   0   
19 -1  -3  -7  2   -2  2   -2  -2  
20 -1  2   2   5   2   2   -3  -2  
21 0   -1  0   -4  -2  -2  -3  -3  
22 -1  -2  0   -4  -3  -1  4   -2  
23 -2  -2  -4  -11 -5  -12 -2  0   
24 -1  -3  -4  -1  -1  2   2   0   
25 0   -2  -1  3   1   9   1   2   
26 1   2   3   0   -5  -5  1   0   
27 -2  -3  -2  -2  4   -1  5   -1  
28 2   2   3   3   1   1   1   1   
29 -1  -3  -2  4   1   0   5   -2  
30 -1  0   -1  0   1   0   -2  0   
31 0   -1  -3  2   1   1   4   0   
32 -1  0   1   -1  3   1   -6  -1  
33 -1  -2  -3  1   -1  -2  -4  0   
34 -1  -1  -4  -1  -3  -4  2   0   
35 -2  -2  -2  2   1   1   3   -1  
36 -2  -2  0   5   2   3   2   1   
37 1   -3  -5  -3  -1  0   2   -2  
38 0   2   0   -9  2   5   0   0   
39 0   -2  3   3   5   1   1   1   
40 0   0   1   1   -2  0   2   1   
41 -2  -2  0   -1  -7  -8  -2  -2  
42 0   3   0   1   2   3   0   1   
43 -2  -3  -3  0   -2  6   -1  0   
44 -1  -1  1   1   5   8   2   1   
45 -2  -1  1   5   -3  -5  -2  -2  
46 -2  -2  -2  -3  0   -2  0   0   
47 2   0   1   -3  -1  2   -1  0   
48 0   -2  -3  -7  -2  16  0   -1  
49 -3  -2  -1  10  1   -3  -3  0   
50 -1  -3  -5  -7  1   15  4   -1  
51 0   0   0   -12 -6  -5  -4  -1  
52 -1  0   -2  4   1   18  -1  -2  
53 -2  1   -1  -1  -4  -8  -1  -1  
54 -2  -2  0   4   0   -9  -3  -3  
55 -1  -3  -2  -1  -2  1   -1  -1  
56 -3  -4  -4  -4  -3  -3  2   -2  
57 1   0   5   10  -9  -15 -2  0   
58 -3  -5  -9  -20 -4  0   0   -2  
59 -2  -3  -2  -3  0   4   -3  -2  
60 0   1   0   -2  0   -2  -1  -1  
61 0   3   7   1   -3  0   0   0   
62 -1  -6  -8  -4  -3  3   0   -1  
63 -2  -3  -4  -10 -3  2   -7  -3  
64 0   -2  -1  -4  -3  -5  4   -1  
65 -1  -1  -2  5   1   7   1   0   
66 -2  -3  -8  -8  3   7   -2  -1  
67 -1  -5  -6  0   -1  3   3   1   
68 -1  -1  0   -3  -4  8   -5  -2  
69 -3  -1  0   6   2   2   -3  -1  
70 0   1   2   5   1   7   2   -2  
71 -1  -1  -4  -7  -3  -7  -3  0   
72 -2  0   -3  -6  1   8   2   -1  
73 0   1   -2  -1  -4  -3  0   1   
74 -2  -3  -3  -3  -3  7   5   0   
75 -1  -1  -1  0   0   -1  -1  0   
76 0   0   -4  -5  -2  -1  0   0   
77 -2  -3  -2  1   -5  -6  -2  -1  
78 0   3   3   2   4   1   3   0   
79 2   2   -3  -18 -3  4   1   -2  
80 -1  -2  0   -2  -2  2   3   -1  
81 0   3   1   2   0   5   2   2   
82 -2  -4  -3  -1  -2  1   -2  -2  
83 -1  0   -3  -10 -14 1   -2  -1  
84 -1  -1  -1  0   -1  1   0   -2  
85 -3  -1  1   1   3   -10 -14 -9  
86 1   -2  -4  -13 -5  -5  -5  6   
87 -15 2   2   3   10  3   11  0   
88 9   -3  -3  -28 -5  2   -2  6   
89 5   1   -6  -54 -70 -1  -5  -9  
90 -2  2   12  85  83  14  -11 9   
91 6   -1  -1  14  40  4   -9  7   
92 14  -1  -7  -40 -54 12  -10 20  
93 7   -5  -5  -21 -37 13  6   25  
94 8   3   1   -14 -19 -9  7   13  
95 -12 -2  11  78  80  6   -8  -1  
96 2   -5  -3  16  24  6   -5  6   
97 1   -2  -7  -22 -22 8   1   -26 
98 -23 8   3   1   -11 -10 -9  -43 
99 15  -3  -3  17  44  -12 -7  61  
100 3   1   0   2   1   -4  2   -11 
101 4   2   1   -2  -15 0   1   6   
102 -1  -1  -1  14  6   7   1   10  
103 -4  -3  1   8   5   -6  -4  -7  
104 11  2   -3  -21 -35 6   9   18  
105 0   -2  2   38  49  -3  -3  1   
106 3   -5  -4  -13 -12 -16 3   23  
107 -10 -4  1   9   38  10  -7  -9  
108 -4  -3  -2  7   -9  0   -6  -7  
109 -2  -1  -2  -10 -23 2   -7  1   
110 4   5   9   -4  -14 -2  0   6   
111 1   0   -2  2   -16 -8  3   0   
112 -1  -2  -5  2   -3  -15 -2  5   
113 -2  -3  -1  20  15  -4  0   -12 
114 -2  -2  -4  -1  -6  -5  0   -2  
115 1   2   0   -8  -1  -3  2   6   
116 0   -3  -1  3   -9  4   -6  -6  
117 -1  0   3   2   -21 -2  -2  -5  
118 1   0   6   15  32  2   5   -5  
119 -3  -3  0   12  27  -12 -8  -20 
120 -5  0   -4  -14 -34 -15 -2  -64 
121 -4  -2  5   42  40  3   -9  -3  
122 -1  -2  0   -3  0   -6  1   17  
123 -2  -5  -3  8   12  -13 -1  -21 
124 -6  0   2   7   3   -4  -5  1   
125 -3  -3  5   42  46  -2  -6  -3  
126 4   1   -2  -21 -40 -8  -2  18  
127 4   -1  -6  -39 -42 -2  -1  28  
128 -3  -3  0   -11 1   -23 -9  1   
129 -6  -1  3   33  43  -2  -11 1   
130 0   -2  -5  -37 -33 9   0   0   
131 1   1   0   -15 -13 -3  -7  13  
132 1   -1  -4  -10 8   5   1   -7  
133 -2  2   2   1   16  -10 0   -6  
134 -1  -1  -2  13  12  -12 -3  -8  
135 -5  -2  -2  5   20  29  -4  -19 
136 -1  -2  1   4   -9  -3  1   -8  
137 -4  -1  1   -7  -7  -21 -3  -35 
138 2   2   -4  -16 -26 2   2   2   
139 -2  -3  -3  -9  -12 2   -7  26  
140 4   3   5   -1  -8  4   10  7   
141 -19 -4  -2  1   -2  -7  -1  -49 
142 3   -3  1   34  47  -8  2   23  
143 8   -2  -6  -16 -28 2   21  38  
144 -7  -1  0   8   9   9   -8  -16 
145 -3  3   2   -2  -2  -5  -1  20  
146 4   2   -1  -2  -8  8   5   11  
147 -2  -4  -3  2   6   -6  -7  6   
148 2   0   1   3   2   13  2   1   
149 12  0   3   13  40  -6  11  43  
150 6   0   -6  -20 -18 1   -3  -19 
151 -4  -1  0   -5  -8  -2  -2  -41 
152 3   6   -1  -19 -48 -10 -9  -6  
153 -6  -3  -2  -6  -16 -4  -30 -13 
154 2   6   6   3   12  16  -5  -17 
155 10  0   -2  -4  6   3   5   9   
156 -6  -4  4   61  80  26  0   8   
157 1   -1  -5  -33 -47 -1  2   -13 
158 9   -5  -4  10  26  16  4   7   
159 2   5   11  49  56  13  2   -6  
160 -5  -8  -14 -36 -67 -9  -7  1   
161 12  4   -3  -30 -39 -17 -3  43  
162 -6  1   0   12  22  -17 -3  -37 
163 -6  -1  -11 -50 -91 16  -7  -31 
164 -1  -4  -1  18  0   15  0   -4  
165 7   3   -3  -23 -19 3   1   5   
166 8   4   5   20  25  8   -18 -9  
167 -8  -5  -7  -23 -23 24  14  -18 
168 -6  -1  1   3   -11 -24 -5  -3  
169 -2  3   0   -14 18  7   9   -13 
170 -5  0   6   44  60  3   -11 7   
171 -3  0   -2  -8  -21 -16 -1  -18 
172 5   4   13  49  52  3   -6  0   
173 -6  -5  -1  -1  14  -5  -6  1   
174 -2  -1  -3  -20 -9  23  7   -11 
175 -2  -4  10  79  93  16  -9  -12 
176 -1  -4  -2  11  0   -6  4   11  
177 -1  -3  -1  4   12  -8  -8  11  
178 1   1   1   12  21  -4  5   13  
179 0   -1  -1  3   -3  2   -2  -11 
180 -1  2   4   1   -5  2   2   -4  
181 -4  -5  -9  10  9   -1  10  1   
182 -1  1   -3  -6  3   0   1   1   
183 -4  -7  -1  3   -5  -12 -21 -4  
184 0   -1  -2  -8  0   -2  -6  -1  
185 -3  -1  -3  -4  -6  -1  -1  -3  
186 -1  -2  0   0   -4  -13 -4  -1  
187 2   0   -1  0   4   6   5   1   
188 -3  -5  -1  3   -4  -6  2   -1  
189 -1  1   -1  -2  -1  2   4   0   
190 0   -1  -1  -3  -3  -3  5   -1  
191 -3  -1  -1  -8  -28 -12 -3  -2  
192 -1  -4  -3  -4  5   -3  4   0   
193 -1  1   -2  -3  -1  0   2   -1  
194 -2  -2  -4  -5  -2  1   -4  -2  
195 0   -3  -2  -4  0   -1  -5  -1  
196 1   -1  1   0   1   -7  -1  1   
197 -2  -5  -10 -5  -9  -8  -1  0   
198 -2  2   2   3   -1  -5  0   -1  
199 -1  -1  0   6   2   -8  -3  0   
200 1   -1  1   2   0   -3  -5  1   
201 -1  -1  2   5   4   6   0   0   
202 -3  -3  -6  -1  -2  6   1   -1  
203 0   -2  0   3   1   -2  1   1   
204 -2  -4  -4  -4  2   3   1   -1  
205 -2  -1  -1  0   4   -1  2   1   
206 1   -2  -2  -2  2   1   -1  -1  
207 0   0   -2  -14 9   22  5   0   
208 -1  0   0   -7  -16 -7  1   -1  
209 0   -4  -6  -8  -2  -22 0   0   
210 0   0   4   7   6   5   -1  1   
211 -1  1   -2  2   0   12  -2  -1  
212 -1  1   -1  -4  -2  16  0   -4  
213 -2  -3  -3  -3  -3  -7  8   -2  
214 0   -4  -5  -11 0   1   -5  0   
215 0   -2  -1  0   3   -1  -2  -2  
216 1   2   -3  3   2   -4  0   0   
217 -3  -5  -3  13  2   3   2   0   
218 0   2   0   6   6   15  5   -1  
219 1   1   -2  -19 0   -10 0   -1  
220 -4  -2  -2  3   1   -1  -5  -2  
221 -2  -3  -4  -4  -3  -5  -1  0   
222 -1  -2  -1  -2  -5  -9  -1  0   
223 -1  -2  -2  -3  0   -8  0   -2  
224 0   -1  5   3   -1  -8  1   -1  
225 -1  -3  -3  -1  -2  -18 -1  1   
226 -2  0   1   2   2   -8  -4  -1  
227 0   0   -2  -4  6   -4  -1  -2  
228 -2  -2  -1  -4  -4  8   -2  -1  
229 2   1   -4  -6  2   6   1   -1  
230 -1  -3  -3  1   3   10  7   0   
231 -1  -3  -1  4   -2  -9  -2  -2  
232 -2  -1  -4  -7  2   1   1   -2  
233 1   0   3   1   0   3   2   0   
234 -2  2   3   -1  -2  18  -1  0   
235 -3  -4  -7  -5  -3  16  1   -1  
236 0   1   -6  -10 -14 -4  -4  -2  
237 -1  1   4   4   -1  -1  0   0   
238 -1  -1  -2  -1  -6  -7  4   1   
239 -2  -2  1   -1  7   -2  3   1   
240 -2  -3  -4  2   -2  -1  -5  -1  
241 -2  -1  -5  -3  -10 5   -2  -1  
242 -2  0   -2  0   -5  -7  -8  0   
243 -1  1   1   0   3   6   1   -1  
244 0   1   -1  -2  -2  -4  2   0   
245 -2  -3  -5  -3  -4  -1  -3  0   
246 0   2   6   0   -4  -10 0   0   
247 -1  -3  -6  -11 -2  -6  -1  -2  
248 -2  -3  -2  -6  -12 -12 -5  -4  
249 -2  -3  -2  -2  2   4   1   -2  
250 0   -2  2   0   1   8   -5  -3  
251 0   -1  -4  -2  3   -4  2   -2  
252 -1  -2  -3  0   -3  1   -4  -1  
253 -1  -2  0   9   6   13  1   2   
254 0   1   1   -2  -1  -12 -3  0   
255 -1  -1  -1  -2  -2  -5  -1  1   
256 0   -4  -2  3   0   -2  1   0   
257 -2  0   3   1   -15 -17 -3  -1  
258 -2  -1  0   -3  -2  -9  -3  -2  
259 0   -2  1   4   2   -4  5   0   
260 -3  -4  -8  -3  -4  3   0   -1  
261 0   -1  -2  0   -2  -2  -4  -1  
262 0   1   3   7   3   1   -3  0   
263 -1  0   4   4   -4  -19 -4  0   
264 -1  1   0   3   3   8   -3  -3  
265 0   -3  -1  -5  0   7   0   -1  
266 -2  2   3   3   -3  -4  -2  -2  
267 1   -1  -4  -2  1   -1  -1  -1  
268 0   0   5   9   0   2   3   1   
269 0   -2  -2  7   -1  -1  3   1   
270 -2  -1  -3  1   -2  -5  -1  0   
271 -2  -1  -1  0   0   1   -1  0   
272 -1  -1  -4  6   2   15  -1  0   
273 -1  -4  -4  -3  -1  -4  -7  -2  
274 -1  0   1   -1  -3  -2  -1  -3  
275 -2  -2  -3  7   0   -1  -8  0   
276 0   -3  -3  0   -2  -12 -3  0   
277 0   2   6   1   0   0   3   -3  
278 -1  -1  0   -4  0   1   -2  -1  
279 2   0   2   8   1   6   0   0   
280 0   0   -3  -3  2   -3  -3  1   
281 -2  -2  -1  -12 -5  -2  -1  -1  
282 -1  -3  -4  -8  -3  6   0   -2  
283 -1  -2  1   6   2   6   3   -2  
284 -1  -1  -2  -6  2   4   -4  -1  
285 -2  -2  -1  10  8   7   0   -2  
286 5   3   3   -11 -33 -2  7   35  
287 -25 -7  1   74  92  18  16  -23 
288 -5  -2  -7  -13 -10 -8  -14 -18 
289 0   3   -1  -6  -1  0   2   3   
290 -2  -4  -2  -9  -37 0   9   -8  
291 12  0   1   4   15  -6  16  72  
292 -7  -2  -12 -60 -86 -26 -41 -25 
293 -10 -4  6   50  38  -2  -19 -1  
294 0   2   1   4   17  -1  2   -2  
295 0   -3  -4  -25 -32 -3  23  -6  
296 -10 0   8   41  104 16  -12 -7  
297 -3  0   -6  -15 -30 1   7   15  
298 1   3   1   -35 -3  5   -1  -25 
299 9   2   2   -11 -27 9   6   20  
300 -1  0   3   8   -2  -10 5   2   
301 -1  0   -4  -15 -22 -15 11  -16 
302 8   -1  -7  -60 -115-5  11  24  
303 -4  -3  -5  -25 -33 3   4   -32 
304 3   -2  2   -9  20  -5  2   21  
305 -4  0   -2  -21 -36 -5  -4  -47 
306 0   1   1   4   -7  -21 2   -23 
307 3   2   5   14  74  2   -10 -2  
308 -3  0   -5  1   21  2   -1  3   
309 0   2   -5  -36 -50 -6  15  3   
310 -5  -1  -6  -31 -42 -7  -22 -15 
311 -1  -2  -5  -16 9   14  -4  20  
312 0   0   2   10  18  -3  5   3   
313 4   0   2   -13 -22 3   1   14  
314 0   5   9   29  17  -16 -2  -27 
315 3   0   -1  -22 18  1   -8  5   
316 -1  0   1   5   15  31  0   4   
317 0   0   1   28  46  5   -5  -7  
318 -4  1   2   -18 -25 -15 -2  4   
319 0   -1  -2  3   0   -15 -2  -8  
320 0   -1  -5  5   24  3   -3  6   
321 -1  -3  0   26  45  -5  -9  6   
322 -4  1   -2  -23 -57 -10 1   -13 
323 -1  0   0   3   -20 0   5   0   
324 2   2   -1  1   -14 -10 13  -26 
325 -3  -4  -4  -3  21  -3  3   1   
326 -2  -2  -5  -27 -39 -6  -1  10  
327 2   -1  -3  -19 -24 3   -1  21  
328 -3  -1  -3  0   14  -6  2   -6  
329 -3  1   3   12  23  5   -2  -10 
330 -2  -3  1   58  44  17  -16 1   
331 -12 0   4   14  44  14  22  -8  
332 3   2   8   38  53  -5  10  -1  
333 -1  0   2   20  63  15  -12 -20 
334 11  4   -5  -68 -118-3  15  -3  
335 -6  -5  -9  -32 -62 -5  -1  27  
336 4   6   -8  -104-97 -12 -4  26  
337 -2  0   6   39  18  -21 -14 -3  
338 6   3   -6  -67 -108-12 -3  11  
339 -5  -3  -1  3   2   13  8   13  
340 4   -1  6   52  83  -17 -18 15  
341 -8  -8  -1  52  42  -11 -36 3   
342 -9  -5  1   -9  32  -33 -29 -7  
343 -7  3   -4  -48 -84 -34 9   12  
344 -4  -3  -6  -28 -17 -18 -32 -35 
345 -6  2   -5  -51 -110-24 10  -44 
346 -7  -4  -8  -23 -34 -11 -10 -11 
347 0   1   0   15  62  -1  -1  -36 
348 -17 0   6   26  55  -1  -11 -14 
349 3   -4  2   51  34  -19 -18 34  
350 -11 -10 -13 -6  22  23  -2  -5  
351 3   1   -2  -11 -8  -27 3   -29 
352 -11 -5  16  108 98  19  -11 -15 
353 -20 -4  -1  -18 -53 -14 -3  -9  
354 -4  -6  4   64  73  8   1   11  
355 10  -1  -10 -52 -121-10 7   10  
356 8   4   6   0   39  10  -2  11  
357 -5  -9  0   50  22  71  -8  0   
358 8   1   -7  -43 -48 -7  -45 -6  
359 -12 -5  -2  5   -32 -20 -11 -2  
360 2   2   1   -15 -20 12  10  -2  
361 15  4   -12 -90 -128-45 15  21  
362 10  4   -13 -106-128-11 5   -15 
363 2   1   -4  -17 -33 -17 20  -20 
364 -2  2   -5  -21 40  10  6   37  
365 -3  -1  -4  -14 -30 -48 -5  -30 
366 5   2   -5  -50 -72 -6  3   16  
367 -9  -3  0   32  73  21  8   -18 
368 7   3   -12 -95 -128-73 -4  24  
369 -6  1   -9  -56 -100-16 8   7   
370 -25 -4  2   12  -47 18  -3  -86 
371 5   3   -9  -53 -49 6   10  27  
372 3   0   -10 -77 -41 -24 6   8   
373 -5  -8  -2  32  30  -15 -6  -6  
374 0   1   1   -9  -16 -18 -1  1   
375 -4  -5  0   19  11  4   -6  -5  
376 -5  -3  -7  14  2   1   -24 -11 
377 -1  -5  -4  9   7   -1  1   5   
378 2   3   3   2   -5  0   11  4   
379 0   -2  -5  -9  -5  -3  -5  -1  
380 -1  3   3   0   -3  -8  0   -2  
381 -1  -2  -3  -1  -2  21  -5  -3  
382 1   -3  0   5   2   -1  4   1   
383 -1  0   0   0   5   3   3   1   
384 2   2   -1  8   3   -4  -3  0   
385 -1  -3  -5  -5  1   -12 -2  -1  
386 0   -2  -5  -14 -5  -11 -4  -2  
387 -1  0   -1  6   2   -3  1   0   
388 -2  0   -2  -5  1   5   -2  -2  
389 0   -2  -5  -5  11  -3  0   0   
390 -1  -1  0   3   3   1   0   -1  
391 0   1   -4  -17 -11 -8  -3  -2  
392 -2  -3  -4  0   -2  3   9   2   
393 0   0   1   -4  -2  -3  0   -1  
394 -2  -2  -2  0   3   11  -7  -1  
395 1   2   2   2   0   -14 -7  0   
396 -3  -3  -2  10  -3  -5  0   -1  
397 -2  -4  -7  -10 -3  -10 0   0   
398 3   1   1   5   2   3   5   0   
399 4   5   8   1   3   5   -2  0   
400 -3  -1  -3  0   1   3   2   -2  
401 -3  -3  -2  2   -3  2   9   -1  
402 0   0   0   4   -1  30  3   -2  
403 0   1   4   3   4   -9  0   0   
404 1   1   -4  -22 -5  -7  0   -1  
405 -2  -5  -4  -2  1   -9  -5  -1  
406 -3  -4  -1  0   0   -5  -3  0   
407 -4  -4  -6  -5  -5  -8  3   -1  
408 -2  -1  -3  -1  0   6   0   1   
409 3   5   5   4   5   5   3   2   
410 0   -1  -4  2   -1  -1  0   -2  
411 -1  -5  -6  -1  -1  -15 2   -2  
412 -2  -3  -2  5   0   -3  -2  -2  
413 -1  -1  -1  -2  -2  2   5   0   
414 -2  -4  -2  4   6   6   0   0   
415 1   -1  -1  -1  -4  3   -2  1   
416 0   2   2   2   1   12  -1  -1  
417 -2  -7  -4  2   -7  -13 -7  0   
418 -3  -3  -2  -2  4   18  -3  -1  
419 0   1   0   1   -8  -5  -5  0   
420 -1  0   2   4   4   6   9   0   
421 -3  -2  -2  -4  3   29  1   -1  
422 -3  -4  -2  -14 -6  -10 -1  -3  
423 -3  0   0   -4  0   -5  -5  -2  
424 -1  -3  -5  -5  -1  0   0   -3  
425 0   1   1   0   -3  7   2   1   
426 -1  -4  -6  -7  -2  11  6   -3  
427 -1  -2  -3  3   3   5   -1  3   
428 1   3   3   3   2   0   4   0   
429 -3  -3  -5  -3  -3  -11 1   -2  
430 1   3   3   0   0   -10 -1  -1  
431 -1  0   -1  -2  1   7   6   1   
432 0   -1  -1  -1  4   -9  1   -3  
433 2   -1  -3  -3  -2  -10 1   0   
434 -2  -3  -3  -6  -13 10  -7  1   
435 0   -2  -2  -1  2   -1  -3  -2  
436 -1  -4  -7  -9  -5  -30 -7  -1  
437 -1  -4  0   6   2   -2  1   0   
438 -4  -2  -1  1   0   8   -1  -2  
439 -2  0   -1  4   2   1   1   0   
440 -1  0   3   3   -11 -17 -5  -1  
441 -1  -1  1   2   5   -1  -1  -1  
442 0   -1  -2  -2  2   0   -2  -1  
443 1   -1  -8  -7  -9  -2  -6  -4  
444 -3  -3  -2  -1  1   -1  -3  0   
445 -1  -1  -2  -3  -2  -8  -6  -1  
446 -1  -1  0   3   2   -10 1   -2  
447 -2  -1  -4  -2  -1  1   0   0   
448 0   -3  -4  6   4   6   2   1   
449 -1  2   0   3   2   7   1   -1  
450 -3  -3  1   6   3   5   1   -2  
451 -2  -1  -5  0   -4  -7  1   -1  
452 1   -1  -2  4   1   1   0   -1  
453 1   -2  -3  3   6   2   -1  2   
454 -1  0   -2  0   1   11  -5  0   
455 1   -1  -2  0   0   8   -1  1   
456 0   2   0   -8  2   -2  -10 -3  
457 -2  -2  -4  -1  0   -2  2   0   
458 -1  -4  -1  -2  0   -14 -2  0   
459 0   1   2   3   3   7   -1  -1  
460 1   0   0   1   4   6   3   1   
461 0   -2  0   1   0   -11 -2  1   
462 1   -1  3   4   3   10  -1  0   
463 -2  -4  -6  -7  -11 -1  0   -1  
464 -1  0   -3  7   -4  5   -1  1   
465 -2  -1  -2  -8  -2  -14 -5  -1  
466 0   1   0   -8  -9  7   -1  0   
467 1   -1  -3  -5  -1  17  4   -1  
468 -3  -1  2   5   -4  1   8   11  
469 -22 -4  0   10  43  19  4   -11 
470 -5  -1  -1  2   9   8   -7  0   
471 13  0   5   -8  13  24  -4  3   
472 -1  -4  -12 -22 -50 9   1   -16 
473 12  0   0   -18 1   -14 -12 19  
474 -2  -5  5   76  89  -10 -5  9   
475 -25 2   5   18  86  16  1   -23 
476 7   0   3   13  30  12  -40 -29 
477 13  5   5   -19 5   4   25  9   
478 0   -1  -8  -42 -69 -41 5   22  
479 -5  -3  -6  -12 -37 -48 0   12  
480 -3  3   -1  -15 -12 -1  18  6   
481 -8  -2  2   5   0   0   -7  -20 
482 -3  1   3   26  33  5   8   -37 
483 -7  -1  7   46  63  -19 -9  -22 
484 -12 -3  -1  -29 -20 8   -9  -24 
485 9   -2  -8  -16 -30 -33 -8  28  
486 -4  0   7   10  0   0   2   -7  
487 -10 -4  -1  42  22  32  -17 -11 
488 -2  -5  -4  -20 -10 -10 1   21  
489 0   0   -6  -44 -45 0   9   -5  
490 6   2   3   6   20  29  -8  -64 
491 2   0   3   -2  11  -26 -6  14  
492 1   1   0   0   27  4   -9  18  
493 7   1   -4  -6  21  24  5   11  
494 -10 -3  -2  3   22  -11 -3  -31 
495 -48 -4  -6  -55 -62 -4  -1  -32 
496 8   -1  2   40  -6  9   0   14  
497 8   -6  -6  24  102 17  -11 -5  
498 15  4   7   8   63  -9  3   13  
499 10  6   4   -7  -44 -15 -15 -7  
500 0   -3  14  111 87  13  -10 -18 
501 -19 -6  0   17  -3  18  -16 -30 
502 3   5   -14 -120-125-23 10  1   
503 -4  -1  -2  -14 -20 -21 2   -32 
504 3   -3  1   36  14  -4  3   31  
505 9   6   1   -3  -47 0   5   10  
506 2   7   2   -34 -73 17  11  13  
507 -2  -10 -5  5   56  -5  -6  7   
508 4   2   -3  -40 -44 -5  -3  -43 
509 6   0   -1  -9  -2  -3  0   -42 
510 -4  -5  -7  -10 -19 20  4   -4  
511 -13 -3  -5  -25 -25 -15 -15 -19 
512 1   0   -2  -13 -40 12  3   16  
513 3   0   -3  -16 -37 -5  2   -9  
514 7   4   0   -43 -40 10  2   14  
515 -10 -4  -3  -17 -9  1   -24 -26 
516 -1  0   13  72  56  33  -14 -38 
517 9   2   -7  -56 -67 -14 16  11  
518 3   -2  1   23  26  -10 -3  15  
519 10  -1  2   11  27  -13 10  2   
520 2   8   -2  -71 -71 -11 4   -13 
521 -4  2   -1  -21 -22 -3  -2  -11 
522 6   -2  -9  -31 -38 -14 -2  5   
523 -11 -1  4   10  5   -15 11  -7  
524 -12 -4  -5  -16 -22 19  10  -32 
525 4   -1  3   12  21  -1  2   16  
526 -1  -1  0   1   1   26  9   7   
527 -2  -3  -8  -40 -65 -15 -31 -18 
528 -6  -2  -5  -10 -19 -14 3   -14 
529 -3  -4  -9  -30 -54 -36 -16 5   
530 -3  0   3   47  42  9   -8  -15 
531 6   0   -1  -13 12  -23 7   13  
532 1   -2  3   32  48  13  9   11  
533 4   2   0   -16 -7  8   -4  -10 
534 -4  -5  0   17  -11 -6  -9  7   
535 -6  -5  -5  -12 -38 12  0   4   
536 -5  -5  -11 -12 11  -14 -9  21  
537 -2  -3  -7  -20 -45 -15 -2  -10 
538 -2  -2  -6  -36 -46 4   -10 -39 
539 5   1   -2  -38 -33 -12 -24 4   
540 0   -2  -4  -8  -17 -6  -3  -18 
541 6   1   0   -5  -8  -6  11  15  
542 2   -2  -2  0   -25 11  2   29  
543 -6  1   7   28  15  -15 -7  -14 
544 -2  -5  -7  -25 -16 1   -1  -30 
545 -2  -1  1   29  73  12  4   0   
546 -2  -2  -2  16  17  -2  -8  -1  
547 -6  2   4   14  7   -3  1   -66 
548 -1  -3  7   45  95  -9  -12 6   
549 -4  -4  -7  -11 -14 -8  -4  20  
550 -5  -2  3   15  23  16  0   1   
551 -1  2   4   16  5   -4  5   2   
552 1   2   3   -4  5   0   -5  -6  
553 8   4   -5  -25 -27 33  7   0   
554 -1  -4  -4  -16 -49 -16 -3  -2  
555 -3  -1  -3  11  17  -2  -5  -3  
556 2   0   -6  -14 9   -4  4   0   
557 0   -1  1   1   -18 3   12  0   
558 2   0   -1  -2  -2  2   12  -14 
559 -1  -1  -2  -2  -9  -8  -7  -1  
560 -1  -2  3   4   8   1   2   5   
561 0   2   3   13  16  10  2   0   
562 2   0   0   1   0   -3  -8  5   
563 -3  1   0   5   -1  17  2   -2  
564 -2  -1  -5  -10 -6  -14 -9  -4  
565 -1  1   7   1   -5  -16 3   -3  
566 1   4   -1  1   1   -1  5   0   
567 -3  2   1   9   -2  -5  -10 -3  
568 -3  -3  0   0   -1  -7  -6  -1  
569 -1  2   1   1   -5  3   -3  0   
570 0   1   -2  -2  1   2   3   -3  
571 -4  2   1   0   3   4   3   -2  
572 -3  1   -1  -1  -3  -17 -8  1   
573 1   0   4   1   0   3   2   0   
574 -1  -1  -4  -5  5   35  13  1   
575 1   1   4   -2  1   1   5   -2  
576 0   1   -1  -3  2   1   -2  0   
577 -2  -5  -6  0   -6  -3  -4  0   
578 1   3   5   -8  3   19  -1  -1  
579 0   2   4   4   0   1   2   -2  
580 -1  1   -1  -4  -2  -4  -7  -1  
581 2   6   6   -6  -2  -2  -4  0   
582 0   1   2   3   -1  2   0   -1  
583 -3  0   0   -2  -2  -5  -1  0   
584 -1  -2  -4  -3  0   3   2   -1  
585 -1  -3  -4  -18 -6  -1  -2  -1  
586 -1  -2  -2  -2  -2  2   -3  -3  
587 -2  -2  -3  -2  -3  0   -7  -3  
588 1   -2  1   0   -1  -1  -2  -1  
589 0   0   0   0   -2  0   1   -1  
590 -1  4   3   2   0   2   2   0   
591 -1  2   2   -4  -1  -2  -3  -1  
592 -1  -1  0   -1  0   0   -3  0   
593 0   -2  -1  -1  -1  -2  -1  0   
594 -2  -2  -1  -1  1   -1  -1  -1  
595 -2  -3  -2  -2  -1  -2  -3  -1  
596 0   0   1   1   -1  2   2   2   
597 -2  -2  -3  -4  -1  -2  -3  0   
598 -2  -3  -2  0   0   -1  -2  -1  
599 -1  0   0   -1  -1  -2  -2  0   
600 -1  -2  -2  -1  -1  -1  -1  -2  
601 0   -1  0   1   0   -2  0   -1  
602 -1  -1  -1  -1  -1  -1  -1  0   
603 -2  2   0   0   -1  0   -2  -1  
604 -1  -2  2   0   1   -1  -1  -1  
605 -2  0   0   -2  -2  -1  -1  -1  
606 -1  -1  -2  -3  -2  -1  -1  -1  
607 -1  0   -1  1   0   0   0   -1  
608 0   1   -2  0   -1  -1  -1  0   