
1 0   0   0   0   0   0   0   0   
2 0   0   0   0   0   0   0   0   
3 0   0   0   0   0   0   0   0   
4 0   -4  -4  -3  3   -15 0   -1  
5 0   -6  -5  -4  -9  -7  3   0   
6 1   -1  -5  -8  -31 -9  -5  0   
7 -2  0   1   -8  -29 10  -2  -2  
8 0   -6  -5  -10 -13 -7  -2  -1  
9 -2  -2  -3  0   13  -18 -3  -1  
10 2   0   -1  1   15  8   -3  -1  
11 1   2   4   5   16  7   3   0   
12 0   0   -2  -2  10  5   2   -1  
13 0   0   1   9   14  5   1   -1  
14 -2  -1  1   3   0   -14 13  -1  
15 1   0   -1  -7  6   -8  -12 -2  
16 -2  1   0   1   -2  5   3   -2  
17 -3  -1  -3  1   0   19  -1  -5  
18 1   1   1   -1  -2  -3  9   1   
19 -3  -3  -4  3   2   1   -10 -2  
20 -2  -4  -6  -5  -5  1   2   -3  
21 -2  0   -1  3   0   -3  -3  -3  
22 0   0   -1  0   2   10  -4  2   
23 0   0   1   -1  2   0   12  3   
24 1   -3  -1  -2  3   -3  -6  -3  
25 -2  0   -3  -4  -5  -9  0   -1  
26 0   0   -2  -2  4   -1  -8  0   
27 -4  -3  -3  -3  -17 0   -1  -4  
28 0   2   2   4   5   -3  4   -2  
29 -4  -3  -5  -4  -10 -3  -5  -1  
30 -2  -6  -3  -3  -11 3   -1  -3  
31 0   2   2   0   9   17  2   1   
32 -1  1   -3  -2  9   -9  2   1   
33 -1  2   1   -5  6   -4  -4  -1  
34 1   2   2   3   0   -10 1   -1  
35 -1  -2  -2  2   0   -5  -4  0   
36 0   2   2   2   0   7   -4  -1  
37 -1  -1  -1  -4  -12 -16 -4  0   
38 -1  0   -2  -1  -9  8   3   -1  
39 -2  -6  -6  -1  0   -14 0   -1  
40 -1  -2  -5  -3  -6  14  2   2   
41 -1  2   2   4   -3  -13 -4  -2  
42 0   -2  0   0   0   5   0   -2  
43 0   3   -4  -6  -2  -7  0   0   
44 -1  -1  1   3   14  22  7   0   
45 -1  1   -2  0   -6  3   1   -1  
46 -1  -3  -6  -5  -8  -10 -4  1   
47 0   -2  -3  -1  1   -3  -2  -2  
48 -2  -1  0   3   8   -1  -3  -1  
49 -3  -2  -2  -4  -23 -5  -5  -1  
50 0   -1  -2  -4  -1  3   -8  -1  
51 0   -3  2   2   6   1   -1  0   
52 1   0   -1  3   -3  -24 5   3   
53 0   3   0   0   -12 -6  0   1   
54 11  5   4   19  27  9   6   8   
55 2   -1  -2  13  41  13  16  14  
56 17  2   -4  -9  30  1   -3  0   
57 22  5   5   -9  -57 -3  4   -5  
58 -5  -2  5   14  43  11  -5  -4  
59 -10 -4  2   -15 -39 5   -1  -9  
60 5   11  6   10  24  4   1   9   
61 3   -1  -1  2   39  6   -3  1   
62 1   0   -2  -3  -10 -24 0   -3  
63 -11 -9  -13 -40 -83 -19 -9  -5  
64 -29 -7  6   31  56  26  -3  -9  
65 5   -1  -3  11  11  -9  -4  4   
66 -9  -3  1   -5  -30 -4  1   -8  
67 -2  0   7   47  19  12  15  3   
68 -2  -2  2   15  25  6   -1  -15 
69 6   2   -1  -6  -18 11  0   -4  
70 4   -2  -9  -4  4   6   5   5   
71 -10 -3  -1  5   19  -5  1   -10 
72 10  3   -1  -11 -30 -6  9   -1  
73 -6  0   3   2   2   -1  -6  -6  
74 -4  -5  -2  -1  -2  -6  -4  -2  
75 -4  -3  -3  -15 -17 -4  -4  -7  
76 0   4   5   8   14  5   -1  -2  
77 -2  4   2   -2  -3  3   0   -3  
78 -3  -2  -2  -2  -12 -6  -2  -2  
79 -2  -3  -4  -9  -17 -4  3   -2  
80 -4  1   2   19  30  4   1   2   
81 -3  -1  -4  -9  4   6   -7  -2  
82 3   6   9   18  38  4   1   2   
83 -3  1   4   14  10  -2  1   6   
84 -11 -8  -18 -58 -82 -38 -10 -2  
85 -2  5   1   -13 -25 -12 -8  2   
86 0   -4  -8  -23 -26 15  6   16  
87 -12 -9  0   10  30  0   -2  -5  
88 -5  -7  -2  1   28  7   -1  -11 
89 4   2   -1  -15 -24 -26 -20 -13 
90 0   1   7   31  -30 0   -5  1   
91 -10 -1  1   19  -1  -9  3   1   
92 -2  -3  2   16  38  36  4   -1  
93 -22 -2  3   10  -6  12  5   13  
94 9   -4  -4  -6  -34 -18 -7  -11 
95 -3  -5  -10 3   10  -10 1   -10 
96 0   -5  -8  -34 -16 -25 -4  -3  
97 -4  -1  -2  13  29  32  1   -3  
98 -6  -2  -1  -4  -1  -18 -6  -4  
99 1   3   5   12  11  22  3   8   
100 -2  2   4   22  92  0   5   2   
101 -13 -2  -7  -15 -20 -5  2   6   
102 -8  -6  -5  -4  -11 -17 -6  -11 
103 2   3   1   3   11  5   7   -11 
104 -8  -2  -1  2   28  2   -1  3   
105 -9  -7  -2  3   28  -18 1   -6  
106 4   -1  -14 -58 -120-37 -4  10  
107 -6  -3  -5  -10 -16 -30 -5  -5  
108 0   1   11  27  51  50  2   2   
109 0   -1  -3  -8  31  4   0   0   
110 0   -1  1   -4  22  2   1   16  
111 7   0   0   4   -8  -2  -5  -1  
112 -8  1   -5  -10 -11 12  3   4   
113 1   -4  -3  7   -12 17  -19 -2  
114 -3  -1  -5  -28 -55 1   10  7   
115 11  2   0   0   32  1   2   10  
116 -3  1   0   -14 -5  1   4   4   
117 0   3   5   12  31  24  2   1   
118 7   3   9   17  -22 2   3   -8  
119 4   -1  -2  -19 -46 6   -3  6   
120 -1  -8  -9  -3  14  -20 -1  8   
121 2   -1  0   22  26  21  4   4   
122 -9  2   1   8   62  12  2   9   
123 -12 -5  -6  -2  -3  0   -4  -5  
124 2   -7  -11 -19 2   -21 -8  -11 
125 -3  -3  1   10  -6  -1  1   4   
126 -1  -4  -6  -11 14  -15 7   3   
127 -6  -7  -12 -38 -78 -17 -5  -15 
128 -3  3   8   41  127 7   -2  14  
129 6   2   -6  -14 -73 24  -2  -4  
130 -7  -7  -15 -49 -25 -38 -10 0   
131 -5  -1  5   11  33  6   3   3   
132 3   9   17  29  49  18  6   -1  
133 11  2   3   15  60  19  2   4   
134 -2  -7  -18 -54 -63 -47 -12 4   
135 0   6   12  45  93  13  13  33  
136 2   -4  -10 -8  38  -14 -5  -20 
137 35  9   12  49  82  23  -21 6   
138 -4  1   5   28  62  1   9   13  
139 -23 -6  -9  -25 8   -19 1   1   
140 1   2   -4  -37 -65 -26 -1  4   
141 -25 2   -3  -19 -7  -2  15  12  
142 -10 -12 -17 -22 -50 -36 -15 -16 
143 -1  -1  2   -5  -28 -9  -1  -3  
144 4   4   7   21  3   20  7   4   
145 1   -5  -9  -37 -83 -30 -7  3   
146 0   3   7   35  38  -17 4   11  
147 0   -6  -6  -20 -26 -17 -2  2   
148 7   3   -1  -5  1   7   -3  4   
149 10  10  10  11  -23 -12 3   17  
150 0   0   -2  -2  25  20  0   1   
151 -3  0   3   4   5   -4  -1  -2  
152 -2  -1  0   0   27  12  4   -3  
153 -16 -1  -3  -18 -60 -29 -5  -5  
154 10  -5  -8  -7  -8  -26 -10 -5  
155 -5  -4  -4  0   2   2   -15 -2  
156 -2  2   0   2   2   -4  2   -1  
157 -1  1   2   5   4   15  10  -1  
158 0   0   -1  -2  -10 -18 3   0   
159 0   2   -1  -3  1   -5  -10 -2  
160 0   -1  -2  -4  1   -4  -9  -2  
161 -2  -6  -7  -1  4   -4  6   -3  
162 -2  -3  -1  4   -5  -3  25  1   
163 0   1   4   5   7   5   -7  -2  
164 -2  -1  -5  -1  -5  -11 -4  -2  
165 0   0   -1  2   -6  8   0   1   
166 2   0   -1  4   2   0   1   0   
167 -2  -2  1   -1  -12 -23 -4  -1  
168 1   1   0   1   -6  -9  -1  -1  
169 -2  2   1   1   2   -10 4   -1  
170 -2  -3  -3  -5  -3  9   -2  -1  
171 -3  -6  -4  0   -6  -4  -7  -4  
172 2   2   0   -1  -15 -3  -5  -1  
173 -2  -2  0   1   5   10  -8  -1  
174 -1  -4  -5  -4  2   -6  -4  0   
175 -2  0   -3  3   5   -1  -2  -2  
176 0   -1  0   -1  -10 -6  3   -1  
177 -1  0   -2  0   -2  0   -1  2   
178 0   1   1   3   7   4   3   1   
179 -2  -4  -1  1   -3  4   2   1   
180 -1  -2  -3  -7  -9  -2  -1  -1  
181 0   0   1   0   0   4   4   1   
182 -3  -5  -3  1   0   -3  -9  -3  
183 -3  -1  -1  3   5   4   1   -1  
184 -1  1   3   4   1   -4  -4  -2  
185 -1  0   0   -1  -6  -8  -4  -2  
186 -1  -3  -3  -5  5   5   -3  1   
187 -3  -1  -5  -1  -3  -9  -1  -1  
188 -1  2   3   5   4   4   -1  -1  
189 -3  -2  0   1   -7  -3  1   -3  
190 -1  -3  2   -1  2   2   -4  -1  
191 0   -2  -3  1   -3  6   -2  0   
192 0   -2  -1  4   5   8   0   -1  
193 -3  -5  -5  -4  -27 -16 4   0   
194 -1  -1  0   0   -6  -3  3   0   
195 1   0   0   -1  2   5   -4  1   
196 -2  2   3   -2  -7  14  -3  -1  
197 0   -2  -1  5   15  4   5   0   
198 -1  -1  -1  1   3   -9  -5  -1  
199 -2  -4  -3  -7  -7  -15 -4  -2  
200 -2  -1  -3  -5  0   4   -1  -2  
201 -2  -4  -4  -2  -3  -9  -4  -1  
202 -2  0   4   5   3   -12 -3  -2  
203 1   0   1   1   0   -10 -7  -1  
204 -5  -2  -1  -5  -9  0   0   -2  
205 -2  -2  0   -1  -3  13  1   -3  
206 -2  -3  -2  -5  -9  -14 -2  -4  
207 0   -2  -2  -3  -3  -14 -5  -1  
208 0   0   2   4   -3  -1  1   -1  
209 0   -3  -4  2   7   36  3   -9  
210 0   3   -1  -8  -12 -9  -3  4   
211 -2  -2  -2  0   2   3   -1  -1  
212 -2  -6  -11 -23 -38 -28 -3  47  
213 -2  -3  -4  4   1   -42 -3  3   
214 1   1   -1  6   7   -7  3   -5  
215 -2  -2  -1  15  27  -10 -22 -3  
216 1   1   1   4   -5  -24 -5  2   
217 -3  -3  -3  -4  4   -29 -17 -4  
218 -1  -1  -1  1   -19 -10 -2  -1  
219 0   -1  0   4   2   2   4   -1  
220 1   0   1   -1  20  2   -10 0   
221 0   0   1   0   -13 -26 1   0   
222 -3  -2  0   4   13  0   7   1   
223 -2  -4  -8  -7  0   4   -1  -1  
224 -3  -5  -5  -8  -3  3   -4  -2  
225 -3  -3  -5  -5  -8  0   2   -2  
226 0   2   2   -2  11  29  5   1   
227 0   2   5   11  12  4   8   0   
228 -1  0   -2  -2  6   2   8   -1  
229 0   -1  -1  -1  -11 -6  -20 -6  
230 -1  -6  -6  2   14  27  -2  0   
231 -4  0   2   -5  -11 -29 -3  -3  
232 -3  1   -1  -1  3   -12 -2  0   
233 0   -2  -2  0   -2  -6  5   -2  
234 2   0   1   -4  -12 -14 -4  -1  
235 3   3   3   2   1   -9  -3  -2  
236 -2  1   0   1   2   8   -2  2   
237 -2  -1  -2  -3  -9  -12 -7  -1  
238 0   1   3   6   1   -6  0   0   
239 -2  -4  -3  1   -3  -24 -11 -3  
240 -2  -3  -5  -10 0   7   5   -1  
241 -2  -3  -2  -4  -8  -19 6   -2  
242 -1  -4  -3  -4  0   -6  0   -1  
243 0   -1  -2  5   0   -8  -5  -1  
244 2   -5  -4  -9  -13 -16 -1  0   
245 -1  2   0   2   1   11  2   -2  
246 -2  -1  -5  -2  29  -3  -3  0   
247 -1  -1  -3  -5  -9  -27 -9  -3  
248 0   1   5   19  26  9   6   0   
249 -3  -1  0   7   7   2   -2  -2  
250 -1  -3  0   11  34  1   3   -2  
251 -6  -6  -7  -23 8   -13 -2  -4  
252 1   -3  -9  -13 -23 -16 -10 -11 
253 -7  -4  -3  -12 -58 -2  -18 -8  
254 6   -7  -3  -7  -40 -4  -6  15  
255 0   -8  5   47  84  38  20  21  
256 15  3   0   2   20  12  8   1   
257 -15 -3  1   21  -26 -4  -27 -5  
258 -11 -3  -16 -46 -87 -41 17  -10 
259 -17 1   -4  -22 -21 -10 -3  7   
260 -15 -2  2   24  -1  -6  -2  1   
261 0   4   -6  -10 -53 -5  9   10  
262 -9  0   0   -6  -26 20  -2  -10 
263 -33 -5  -1  3   1   -22 -1  -5  
264 2   -2  -3  -5  20  20  5   -12 
265 -12 -10 -5  7   44  15  1   -11 
266 16  0   4   20  46  12  2   -2  
267 -10 -1  4   11  35  26  10  -7  
268 36  -16 -10 11  72  -17 -4  -3  
269 2   -10 -6  -15 -31 -8  2   1   
270 8   -10 -7  -13 -3  -6  -4  -7  
271 7   6   -1  -1  -22 -21 -13 -7  
272 7   2   -3  27  76  -4  2   9   
273 8   1   9   27  32  28  12  11  
274 -1  1   4   5   -39 6   9   5   
275 -4  1   12  28  10  3   9   0   
276 -14 -6  -7  -33 -70 -16 -1  -5  
277 28  -1  -10 -33 -10 0   -13 -2  
278 34  10  10  61  98  46  9   8   
279 -4  -4  6   19  20  0   10  9   
280 16  7   9   44  33  14  2   -5  
281 -14 -7  -13 -32 -71 -17 2   5   
282 -10 -20 -43 -99 -40 -55 -31 -12 
283 21  13  15  42  48  25  6   7   
284 -12 -4  -2  1   20  25  2   -15 
285 -16 -1  -1  -4  30  -5  5   0   
286 7   3   7   4   -67 6   0   2   
287 -1  3   1   24  43  26  5   -3  
288 -6  4   6   11  45  8   14  9   
289 7   6   4   13  17  -11 6   3   
290 -1  -5  -7  4   1   -9  -4  -9  
291 9   3   6   33  28  10  -8  -5  
292 -11 -4  7   21  48  12  2   -21 
293 -2  2   2   -6  -2  19  0   -3  
294 11  -1  -8  12  55  -2  -7  -15 
295 -17 -12 -22 -69 -25 -59 -13 -1  
296 -21 -13 -15 -37 -69 -19 -5  -4  
297 -3  8   14  49  110 14  15  10  
298 -11 -12 -18 -60 -72 -33 -13 -14 
299 -4  8   14  42  84  21  7   6   
300 15  5   0   -6  -2  1   7   13  
301 12  -1  6   22  20  27  5   8   
302 -7  -2  -5  -26 -58 -18 -5  0   
303 -8  -2  -4  -5  -8  -8  0   -6  
304 3   -1  5   19  36  21  5   4   
305 -8  -12 -18 -68 -88 -33 -5  -3  
306 -5  -8  -23 -97 -98 -50 -15 -4  
307 -1  0   4   25  84  9   15  -4  
308 15  1   -4  -12 25  21  -4  3   
309 -10 -12 -18 -35 -49 -33 -14 -14 
310 -17 -4  -1  8   11  -16 0   -5  
311 2   -1  5   32  75  29  5   3   
312 13  -1  0   5   41  7   1   8   
313 10  -2  -1  14  23  16  -1  0   
314 7   9   15  37  12  30  6   1   
315 -24 -8  -18 -67 -109-30 -6  15  
316 -6  -9  -19 -100-109-43 -16 -3  
317 -24 4   10  5   -48 53  -1  -5  
318 -6  -6  -5  11  -3  19  -7  -27 
319 -8  0   6   41  35  4   11  -13 
320 -10 -4  -11 -27 -23 -13 -6  -8  
321 -20 -13 -9  -13 41  -9  -10 -5  
322 1   9   11  25  80  19  4   15  
323 2   0   3   39  24  -1  3   -6  
324 -9  -5  -5  -7  2   20  8   2   
325 -2  0   1   2   -37 4   2   -1  
326 -3  4   3   -12 6   -16 -8  -8  
327 -24 0   1   18  23  2   -2  10  
328 -27 0   8   12  -12 0   4   -1  
329 -12 -6  -12 -42 -57 -20 -5  -10 
330 6   2   2   9   -9  -1  0   2   
331 2   1   4   47  31  18  10  2   
332 0   -3  -6  -14 -20 -4  -2  3   
333 2   -4  -5  -8  22  -4  0   -1  
334 5   -4  -6  -2  -27 -3  -2  2   
335 -2  -4  -3  -20 -27 -17 -4  5   
336 -9  4   10  32  34  20  10  7   
337 -6  -12 -22 -16 32  -20 -11 -11 
338 25  12  8   24  3   -4  14  16  
339 -31 -2  6   21  6   -24 7   0   
340 11  -1  -5  -13 -16 22  -3  -4  
341 7   9   18  70  81  44  15  -1  
342 2   -1  -3  -12 -1  -14 -3  0   
343 12  3   3   0   28  -2  0   5   
344 8   -3  -15 -42 -71 -18 -6  -1  
345 2   1   1   3   11  -14 -29 17  
346 0   1   0   -13 -5  -1  3   3   
347 2   -3  -7  -2  4   5   7   2   
348 7   3   0   -5  5   15  2   9   
349 0   -1  -1  0   -7  -4  -19 10  
350 -1  -4  -3  -9  -6  6   3   1   
351 -3  -4  -3  0   0   -5  0   2   
352 -1  -5  -7  2   2   -5  -4  -4  
353 -4  -7  -7  2   0   9   -1  -3  
354 0   -2  0   1   -3  -13 1   1   
355 1   -3  -1  -1  -1  2   -14 0   
356 -2  1   1   2   3   9   10  0   
357 0   -1  -1  -1  2   -2  -5  -2  
358 -2  -2  0   0   -3  -17 -1  1   
359 -1  -2  -1  2   5   -2  -14 -3  
360 0   0   -2  -1  -2  4   -6  3   
361 -1  -3  -3  -11 -11 -9  -17 -2  
362 -1  -2  -1  0   -2  -5  8   0   
363 -3  -3  -3  -1  -13 -12 -6  -3  
364 -2  -4  -5  -3  1   2   4   -1  
365 0   0   0   6   4   1   0   1   
366 -3  -1  1   -1  -7  3   0   0   
367 -2  -4  -7  -3  -16 -25 0   -1  
368 -3  1   -3  0   -2  2   6   -1  
369 -1  -1  1   6   5   -11 0   -1  
370 -2  -6  -9  -6  -8  -6  -8  -2  
371 0   -1  -1  2   0   -1  3   0   
372 0   2   3   6   13  -4  -8  -3  
373 -1  -1  0   -1  -5  -1  -3  -2  
374 -2  1   2   -3  -8  -6  -14 0   
375 -2  -1  -1  2   3   9   5   -3  
376 1   2   0   0   -2  6   0   0   
377 -1  0   -3  1   1   6   3   1   
378 -1  -3  -2  2   -3  4   -2  -1  
379 0   0   -4  0   1   5   -7  -2  
380 3   2   8   5   1   2   -1  1   
381 -1  -2  3   1   0   -9  5   -1  
382 0   -2  -5  -6  -9  -4  -8  -2  
383 -4  -1  -2  -2  1   6   7   -1  
384 -3  1   7   7   9   2   -1  0   
385 -2  -2  -3  -5  -9  -4  -7  -2  
386 8   -2  -5  -2  -2  -10 7   4   
387 0   2   0   -4  7   6   0   -2  
388 -4  -2  -1  -3  -2  9   0   -3  
389 -1  1   1   0   -3  -4  3   0   
390 0   1   4   2   2   3   2   -1  
391 -1  -3  -2  2   -7  -14 -5  -1  
392 1   2   3   0   2   10  7   2   
393 -3  -2  -2  -1  0   12  -6  2   
394 -2  -3  -6  -8  0   -4  -1  -1  
395 1   0   0   3   6   20  1   -1  
396 -3  -1  -4  0   9   -8  0   0   
397 0   1   2   3   2   -12 -3  -1  
398 -2  0   -2  2   5   18  -5  -2  
399 -1  -3  -1  2   -8  -16 -3  1   
400 -2  0   -1  -2  -7  1   -1  0   
401 -2  -1  1   -1  1   -1  3   -2  
402 -2  -1  1   -11 -7  -7  -3  -1  
403 -1  0   -4  -5  -8  -5  -2  -1  
404 -4  -4  -3  -5  -4  28  0   -3  
405 -2  -1  2   1   -1  20  -4  -2  
406 -4  -1  -1  3   3   -1  0   -1  
407 1   0   -2  -12 -3  -3  -5  1   
408 1   0   -1  -12 1   -3  0   2   
409 0   -3  0   -2  2   5   4   -1  
410 -2  -2  -1  2   -5  -14 2   -1  
411 -1  -1  -2  1   6   23  -4  0   
412 -1  -2  -5  -2  4   -2  -3  -1  
413 -2  1   2   4   -1  -12 -8  -3  
414 0   1   -2  0   4   12  -1  -1  
415 -2  -3  -6  1   -3  3   -1  -1  
416 0   4   8   4   -12 -16 -3  -2  
417 -1  -2  -3  -3  -10 -13 -2  1   
418 -2  -4  -7  -5  -1  -3  -6  -3  
419 -1  4   7   7   7   27  -1  -2  
420 -4  0   0   -2  6   3   -3  -1  
421 1   1   3   4   -1  -4  0   -1  
422 -3  -4  -5  -2  1   -9  1   0   
423 2   1   1   5   3   7   1   1   
424 -1  0   -4  1   -2  5   -1  1   
425 -4  -2  -1  4   3   0   3   -1  
426 -1  -1  0   -1  -1  -22 6   0   
427 -3  -2  -4  -6  -10 -9  -11 -4  
428 -1  -1  1   5   12  10  -3  -1  
429 -2  -1  3   7   7   11  2   -1  
430 -1  -2  1   3   3   22  7   -1  
431 0   -1  -2  3   3   8   -5  0   
432 -1  -1  0   3   -6  9   -3  -1  
433 2   1   2   -1  -1  -24 1   2   
434 1   2   2   10  11  -8  1   0   
435 -8  -3  -4  7   18  11  -5  -7  
436 -9  3   2   -8  8   1   1   -4  
437 1   -3  -1  -8  -3  -5  7   -29 
438 -7  -14 -12 -36 -54 -7  0   -4  
439 23  4   11  35  64  9   2   -4  
440 2   7   9   24  -21 14  9   -5  
441 11  3   11  39  81  14  4   4   
442 4   -7  -9  -38 -66 -25 11  0   
443 -11 -1  -6  7   29  9   -4  -7  
444 -18 10  18  69  79  60  13  0   
445 0   -6  -7  8   -15 17  5   5   
446 -21 -1  12  48  23  20  11  13  
447 14  7   4   10  -37 12  2   -4  
448 -2  -5  -4  -8  6   -16 -3  -2  
449 11  5   9   12  54  20  6   3   
450 -9  -1  -2  5   29  7   -3  -7  
451 -5  -7  -11 -43 -35 -10 -8  -5  
452 4   -6  -13 -55 -103-36 -7  -2  
453 -19 4   -1  -34 -99 -4  0   5   
454 5   3   0   -12 -6  -3  1   -2  
455 -10 -2  8   18  54  26  7   1   
456 -2  -10 -9  -32 -59 -8  -4  2   
457 2   -4  2   14  -8  17  4   2   
458 13  2   -15 -88 -92 -40 -5  10  
459 20  9   6   6   4   -2  1   6   
460 -1  6   12  32  1   27  4   -1  
461 18  4   -8  -37 60  -23 -10 -7  
462 21  7   8   33  58  0   5   2   
463 -19 -7  -14 -41 -21 -16 -11 -10 
464 -3  -3  4   9   34  5   3   -2  
465 -2  -4  -4  8   32  12  0   4   
466 13  1   4   13  27  12  0   -3  
467 -15 -7  -6  -8  -4  -9  1   2   
468 -6  -6  -7  -25 -50 -4  -4  -8  
469 -35 -3  4   1   -4  -12 -3  -4  
470 9   2   1   0   10  7   0   -6  
471 -16 -2  -2  -15 -27 -17 -7  -11 
472 -24 -3  4   -8  -20 44  2   1   
473 8   -1  -2  9   31  -9  0   1   
474 -15 -5  -4  7   46  9   2   0   
475 16  4   -2  -33 -84 2   0   3   
476 -2  2   0   -1  -52 2   -3  -12 
477 -23 1   -7  0   32  -7  -4  -8  
478 3   6   7   27  50  6   1   5   
479 -6  -3  -4  -13 19  -4  -2  -2  
480 13  -11 -9  -1  -3  -3  0   -1  
481 0   0   -4  -17 -13 16  2   1   
482 10  7   8   20  28  23  1   3   
483 1   5   7   13  -9  33  4   0   
484 -14 -3  2   29  65  4   3   1   
485 -10 -4  -4  7   48  11  -2  -3  
486 5   2   -3  -3  18  1   1   -2  
487 5   7   6   15  42  30  7   -4  
488 -4  -1  1   11  22  -3  0   -1  
489 9   3   5   11  10  -13 1   1   
490 -9  -13 -8  6   40  -25 0   -5  
491 13  -1  -12 -43 -49 -34 -8  0   
492 -2  6   8   29  90  -3  3   12  
493 6   -12 -15 -35 3   -21 -8  -3  
494 17  -1  -4  0   -29 -19 -3  -1  
495 -20 -23 -30 -92 -95 -51 -7  -12 
496 -10 -1  1   5   22  -7  -8  -10 
497 1   4   11  32  40  24  -1  4   
498 -17 -2  5   24  45  24  0   -6  
499 12  0   3   0   47  10  1   -8  
500 -9  -2  -6  -40 -74 -19 -2  1   
501 0   6   -17 -81 -94 -34 -5  -3  
502 9   2   -5  -16 -25 -11 1   -7  
503 13  3   5   8   9   20  6   -1  
504 -2  0   -3  -13 -42 -18 -2  4   
505 7   -4  -5  -23 1   -32 -3  1   
506 -6  -8  -1  13  43  6   0   -5  
507 5   -5  -7  -8  -12 -4  1   8   
508 6   3   -1  -1  35  17  3   3   
509 -2  -2  -1  -3  -19 -6  1   -6  
510 -8  2   2   13  44  4   -10 -10 
511 11  -2  -2  31  68  9   1   -5  
512 2   1   7   3   15  2   1   -1  
513 -2  5   9   11  54  7   -2  -2  
514 1   1   -1  -8  8   11  1   -11 
515 1   3   2   5   52  6   -1  3   
516 -12 -2  4   9   -10 11  -4  2   
517 6   -1  1   -9  -13 8   -3  2   
518 -5  -3  4   4   -16 8   2   -1  
519 2   4   2   10  13  4   0   -1  
520 7   4   1   -3  -23 -12 -3  2   
521 8   4   3   4   17  1   1   10  
522 0   3   6   5   23  39  3   0   
523 30  -3  -7  -18 -18 7   6   4   
524 0   1   3   13  27  -3  4   5   
525 2   -4  -6  -13 -51 -5  2   4   
526 -6  -1  -4  -28 -77 -12 -1  -4  
527 11  -4  -1  -8  -18 5   0   0   
528 7   5   3   18  21  9   4   3   
529 -5  0   -2  13  0   -1  6   59  
530 6   -1  1   -7  -6  -10 -2  -12 
531 14  -1  -6  -2  38  27  15  69  
532 -10 -4  1   8   -4  -23 -1  8   
533 -3  -3  -1  6   -5  45  -7  -3  
534 0   -2  0   4   6   -4  -11 -1  
535 0   3   0   -2  -8  -12 15  4   
536 1   38  1   4   0   -4  6   -3  
537 1   5   3   2   3   -5  2   8   
538 -6  -8  2   -6  -8  13  -18 -3  
539 -5  -3  -4  -9  -2  21  3   -2  
540 1   0   -1  -1  3   -3  -1  0   
541 -1  -3  -1  0   -5  6   -2  -1  
542 -3  -3  -3  -4  -8  -27 -9  -3  
543 -3  -1  -2  -3  8   38  3   1   
544 -1  0   0   -1  1   3   2   0   
545 1   -1  -2  1   1   7   7   -3  
546 -1  -3  -6  -3  -10 9   2   -1  
547 -2  -1  -2  -1  -3  2   5   0   
548 1   1   4   4   7   22  2   -1  
549 -1  -3  -3  -1  0   0   7   1   
550 -2  -1  3   -1  -5  -5  -21 -4  
551 0   -1  -3  -4  -2  -16 -3  -2  
552 -1  2   3   1   0   -9  3   0   
553 0   1   0   3   -1  14  -12 -2  
554 1   4   2   3   1   -3  1   -2  
555 -2  -4  -1  1   1   9   -1  -2  
556 -2  -4  -4  -1  -6  -4  3   0   
557 -1  -1  0   -4  -3  -2  -3  -1  
558 -1  1   -1  4   0   3   0   -2  
559 -3  -5  -2  1   -8  1   0   -4  
560 2   -3  -1  3   1   -3  0   2   
561 0   -2  1   -10 2   8   2   0   
562 -5  -5  -6  -6  -2  9   -2  -2  
563 0   0   1   -1  0   4   7   -2  
564 0   1   0   -1  -1  -1  1   0   
565 -1  -3  -1  0   -2  -6  -10 0   
566 2   3   5   5   -4  -12 -6  -1  
567 -1  -2  -2  -4  -1  -4  -2  -1  
568 1   1   6   6   1   -2  0   -1  
569 -2  -2  -3  0   0   -3  -2  -1  
570 -2  -3  -6  -5  -7  -7  -9  -4  
571 -2  -1  2   3   0   -1  1   0   
572 -2  -4  -3  -2  0   4   1   -2  
573 0   -1  2   3   1   -3  0   -1  
574 1   2   -1  0   0   4   -3  -2  
575 0   0   2   6   1   6   4   -1  
576 -1  -1  0   1   1   -5  -2  -1  
577 -4  -5  -5  -2  -2  -3  -1  -3  
578 -1  1   3   0   -2  1   -3  -1  
579 1   0   2   2   -2  -7  -12 -2  
580 1   1   3   -4  -6  -3  0   -1  
581 -3  -6  -7  -10 -7  -2  -2  -2  
582 -2  -1  1   1   5   30  8   -1  
583 -1  0   -2  -3  -3  -2  -4  -1  
584 0   3   7   11  -2  12  -3  0   
585 -4  -4  -6  -7  -5  -3  0   -1  
586 -2  -1  -2  0   -3  -7  1   -3  
587 -2  -1  2   3   5   4   1   -3  
588 0   -2  -3  -9  -4  6   0   -2  
589 0   -4  -6  -5  0   -4  -4  0   
590 -1  -2  -5  -2  -6  -7  0   0   
591 0   -2  -6  -6  0   7   3   1   
592 -2  -2  -5  -4  -1  3   -1  0   
593 -2  -1  -3  -1  -4  0   -5  -2  
594 1   -1  -1  0   0   8   2   1   
595 0   2   5   7   7   5   5   1   
596 0   -1  -3  -3  -4  -6  -5  0   
597 -1  1   2   0   -1  -7  -8  -2  
598 -4  -4  0   0   -7  -2  3   0   
599 2   2   0   4   3   0   1   0   
600 -1  -3  -2  -6  -2  -1  0   2   
601 -2  0   -2  -1  1   -6  -1  -2  
602 -1  -3  -2  0   -1  0   6   0   
603 0   0   -1  -12 -3  -3  0   1   
604 -2  -2  0   -1  -6  -7  -8  -2  
605 -2  1   -1  -3  -2  -5  -7  -1  
606 -1  -4  -3  -4  -3  -4  -2  -1  
607 -3  -1  -2  -3  3   4   2   -1  
608 -2  0   3   1   0   0   3   -3  
609 2   -3  -4  -2  -4  5   0   -2  
610 0   -5  -4  -2  12  4   2   -1  
611 -1  2   1   -7  -8  -12 -5  -2  
612 2   0   0   2   1   -2  0   -1  
613 -1  2   -1  -2  1   -4  0   0   