
1 0   0   0   0   0   0   0   0   
2 0   0   0   0   0   0   0   0   
3 0   0   0   0   0   0   0   0   
4 1   -1  3   -1  0   -1  -1  -2  
5 4   1   -1  2   2   2   -2  -1  
6 0   -2  -5  -2  -2  0   -2  -1  
7 -7  -2  -4  -4  -5  -4  -1  0   
8 -2  -3  0   1   1   4   1   -1  
9 0   0   -2  -2  0   -2  -1  1   
10 0   -2  0   -2  -1  1   0   0   
11 5   -1  -3  -2  -3  -1  -1  0   
12 -1  0   0   0   -1  1   0   -2  
13 0   5   2   0   0   1   2   0   
14 -5  -3  -1  -2  -3  -3  -1  0   
15 -3  -4  -3  -3  -1  0   0   -1  
16 0   0   1   -1  0   1   0   0   
17 1   1   0   0   0   -1  -1  -2  
18 3   -3  -3  0   0   -2  -1  1   
19 -4  -2  -3  -1  0   0   -1  1   
20 -3  -1  -1  -2  -2  -1  0   -1  
21 -4  -3  0   1   -1  0   0   0   
22 0   -3  -1  -1  0   1   0   0   
23 -1  0   0   -1  -1  1   -1  -2  
24 6   0   -2  -4  -3  -2  0   -1  
25 2   1   0   -1  0   -2  -1  -1  
26 -3  -1  -4  -1  -4  -5  -2  -3  
27 -8  -4  -1  -2  -1  -2  -1  2   
28 -1  -1  -1  0   0   -2  0   0   
29 -3  0   -1  -1  -2  0   -2  -1  
30 -10 -3  -2  0   -1  -2  0   -1  
31 -10 -4  -1  -3  -1  0   1   0   
32 0   -1  -4  -3  -3  -3  -1  -2  
33 -4  -1  -1  -2  -1  2   -1  0   
34 -3  -1  0   3   1   0   -1  -1  
35 4   -4  -2  0   0   1   -1  0   
36 -6  0   1   -1  0   2   0   -3  
37 -3  -1  0   -5  -1  0   0   -2  
38 -4  0   -1  1   -1  0   -2  1   
39 -8  1   1   0   2   2   -1  -2  
40 2   1   0   1   0   -1  -2  0   
41 2   4   0   -3  -2  -2  1   2   
42 3   2   1   2   3   1   0   1   
43 6   -4  -1  -1  0   0   1   -1  
44 1   2   0   1   0   0   -1  -3  
45 -2  -4  -1  0   -4  -3  -1  -2  
46 -1  -2  -2  0   -4  -4  -3  -1  
47 3   -1  -1  0   -2  0   -2  -2  
48 -15 -1  -1  0   0   1   0   -2  
49 4   3   -1  -3  -2  -2  -2  -2  
50 -2  0   3   0   1   0   -2  -1  
51 -10 -4  -1  -1  1   -1  -1  0   
52 1   -1  -2  -2  2   -1  -1  1   
53 0   4   1   1   1   0   1   -1  
54 0   -1  1   1   1   2   -1  0   
55 -3  -3  -1  -1  0   0   -1  0   
56 -2  -1  -1  -2  2   0   1   -1  
57 1   -1  -4  -1  -2  -4  0   1   
58 -4  -1  -1  -1  1   0   1   -1  
59 12  5   -2  -1  0   2   1   0   
60 3   1   1   -1  -1  -1  0   0   
61 -2  -6  -6  -4  -6  -2  -2  -5  
62 -3  2   -1  -1  1   1   -1  0   
63 2   -1  -3  -2  -4  -1  -1  0   
64 -1  -5  -4  -4  -3  -3  -1  -3  
65 -3  -1  0   1   3   0   0   -1  
66 4   0   -2  -1  1   2   0   1   
67 -9  -2  0   0   -2  -3  -1  -3  
68 -1  -2  -2  -2  -2  -2  -1  0   
69 -4  -6  -2  -1  -2  -3  -1  -2  
70 0   -2  -2  -2  -1  -1  0   -1  
71 2   0   -1  -2  1   1   1   -1  
72 2   -3  -1  0   -1  0   0   0   
73 1   -2  -1  -1  -3  -7  -3  -1  
74 0   2   1   -2  -3  -1  -2  -2  
75 2   3   1   1   -2  -1  0   -3  
76 -1  -4  -3  -2  -2  0   -1  -2  
77 2   1   0   1   2   3   0   -1  
78 -2  -2  -1  -1  2   1   -1  -1  
79 -1  -1  -1  -1  0   -1  0   -2  
80 -6  -3  -2  -2  0   -1  -2  -1  
81 1   1   2   -1  -3  0   -1  1   
82 -4  -4  -5  -6  -10 -4  -4  -1  
83 -1  2   0   3   2   2   3   -1  
84 -1  -3  0   -2  -3  2   -1  -2  
85 0   0   -1  -3  1   -7  -17 -10 
86 0   3   1   3   4   -3  -2  -1  
87 1   -6  -4  -6  -5  -1  -2  -1  
88 1   -1  0   0   1   7   3   2   
89 -4  3   0   -2  -3  2   3   3   
90 13  2   3   -7  -13 -11 -6  0   
91 -3  -8  -5  -1  -2  -11 -4  -2  
92 -4  -3  0   3   7   3   7   3   
93 -6  -2  -1  0   0   -7  -1  1   
94 0   -3  0   -2  0   3   2   0   
95 -7  -4  -3  -4  -5  -4  0   2   
96 4   -1  -1  0   -2  5   -2  -1  
97 -1  -2  0   1   -2  -11 -2  2   
98 -4  -1  1   3   4   12  2   3   
99 11  1   -2  -5  -11 -24 -2  -2  
100 -1  -2  -2  -1  1   -3  0   0   
101 -8  -2  -2  0   0   5   2   -2  
102 -6  -3  -2  -1  0   0   -1  -2  
103 8   0   -1  2   2   -2  -1  -4  
104 1   -1  -4  -2  0   6   1   -1  
105 13  4   1   2   1   -5  -2  1   
106 -13 -2  -1  -1  1   9   -2  -2  
107 -2  -2  -1  -2  2   17  2   -1  
108 1   -2  -1  -5  -9  -13 -5  -1  
109 5   8   4   2   3   1   0   -1  
110 9   -5  -5  -7  -11 -20 -1  -2  
111 -1  -3  -4  2   2   9   2   0   
112 4   3   3   -2  0   -1  -2  -2  
113 4   1   -2  -1  0   -1  1   0   
114 -1  0   -3  -1  -3  -5  1   0   
115 2   1   -5  -7  -10 10  -5  -5  
116 16  6   -2  -2  -1  -2  0   1   
117 -10 0   0   2   3   0   0   4   
118 4   1   1   3   5   4   -1  1   
119 -4  -2  1   1   2   -1  4   0   
120 -7  -1  -1  -2  -4  -4  -5  -3  
121 -2  -1  -1  0   3   4   -2  -1  
122 -4  -2  -1  1   2   7   1   0   
123 11  3   -1  -2  -1  5   1   7   
124 4   0   0   1   2   -4  2   1   
125 7   1   0   0   4   11  7   2   
126 4   0   0   -1  4   9   3   -2  
127 -9  -4  0   2   3   4   -3  -1  
128 -3  4   1   3   6   4   -1  -2  
129 2   2   -1  -2  -2  -1  2   3   
130 -7  -2  0   2   3   -10 1   -1  
131 -5  -2  -4  -3  1   3   -4  -1  
132 6   3   3   3   -3  -11 4   4   
133 -10 -7  -4  -4  -7  4   1   0   
134 -3  4   -2  -1  4   5   -1  -2  
135 1   0   -1  -3  -8  -13 -4  -3  
136 -3  0   4   7   10  8   4   1   
137 -17 -7  -2  0   5   13  2   0   
138 -2  1   0   -4  -4  -15 -3  -3  
139 3   0   -2  -3  -7  -6  -2  -3  
140 -3  0   -1  -1  -5  -8  -5  -3  
141 4   -3  -4  -1  0   -2  -1  -2  
142 -5  1   -4  -4  -8  -3  -4  -2  
143 3   -5  -5  -5  -5  -8  -2  -2  
144 7   4   -1  0   -1  -1  -4  -1  
145 -3  -2  1   1   1   5   0   2   
146 0   0   -1  -3  -1  12  0   -1  
147 4   -1  0   -1  -4  -3  -3  -5  
148 1   -1  -2  -7  -8  -6  -3  0   
149 -6  -6  -4  -3  -6  -7  -1  -4  
150 2   4   1   2   4   4   -2  -2  
151 -9  -2  1   2   6   3   -1  -3  
152 8   -2  -1  -1  0   3   7   5   
153 1   -1  1   2   3   -2  1   0   
154 -1  3   -3  3   4   3   -1  0   
155 0   -2  0   -3  -4  4   -4  -2  
156 -15 1   -1  -3  -2  0   -4  0   
157 1   -3  0   2   -2  -2  0   3   
158 -1  -2  1   0   4   7   0   0   
159 -2  -3  0   0   2   -4  1   -1  
160 18  5   -1  0   2   -1  0   3   
161 -10 -4  -4  -2  2   3   0   0   
162 -7  -1  0   1   0   3   1   -2  
163 -12 -1  2   1   3   -2  0   0   
164 5   -2  -2  -1  3   7   -6  -5  
165 -8  -2  0   0   -1  -2  -2  -3  
166 -5  -2  0   -1  -6  1   -2  -2  
167 4   1   -1  1   3   -3  0   2   
168 -10 -4  -1  0   1   -5  -1  1   
169 0   -3  -5  -8  -15 -23 -8  -3  
170 -1  1   2   3   10  22  5   1   
171 4   -1  0   -1  -3  -1  -1  1   
172 -2  0   -1  -4  -9  -21 -2  -1  
173 6   5   2   0   2   2   -1  -1  
174 0   3   5   6   12  18  5   6   
175 -2  0   1   1   -2  -7  -5  -2  
176 1   -1  -3  2   6   5   1   1   
177 0   1   4   -1  -2  -5  0   -2  
178 10  -1  -4  -5  -5  -8  -6  -3  
179 -6  -4  0   2   -1  -10 -1  -1  
180 1   -3  0   0   -4  -7  -3  -3  
181 4   1   -3  -4  -11 -15 -2  -1  
182 -2  -3  -2  -3  -4  -7  -4  -2  
183 -7  -5  -3  1   1   1   -1  0   
184 3   9   2   2   0   -2  0   -1  
185 3   3   -1  -5  -1  0   0   -1  
186 -2  -7  -7  -3  -3  -2  -2  -1  
187 -16 -3  -1  -2  0   -3  -1  -2  
188 -1  -2  0   0   0   -1  -1  1   
189 -17 0   -1  -2  1   -2  -1  -2  
190 -2  -2  -3  -2  -1  0   0   -1  
191 3   0   0   0   -1  1   -1  -3  
192 1   -1  -2  -1  -2  -2  2   -1  
193 0   1   0   1   -1  0   -2  1   
194 0   -3  -2  -5  -3  -4  -2  -2  
195 1   -2  -4  -3  -1  -1  1   0   
196 8   -1  0   0   -2  -2  -2  -2  
197 -6  2   3   2   2   1   1   -1  
198 1   4   -3  -4  -1  -2  0   0   
199 7   3   7   3   3   2   -1  -1  
200 5   -3  -1  2   -2  -4  -3  -2  
201 -15 -6  -1  1   0   2   -1  0   
202 -5  -4  -5  -3  -5  -7  -2  -2  
203 -1  -2  -1  0   2   3   1   -1  
204 2   0   -1  2   -1  -4  -2  -1  
205 -6  -1  0   -3  -2  -1  1   -2  
206 -2  1   1   1   -1  2   -2  1   
207 -10 2   2   -1  1   0   1   -3  
208 -1  -2  -2  -1  0   -1  -1  0   
209 -12 -2  0   0   0   -1  0   2   
210 2   1   -2  1   1   1   0   -1  
211 0   1   -1  1   -1  1   0   1   
212 -1  -1  -1  2   -1  1   1   0   
213 -3  -1  -1  0   -2  -2  -1  -1  
214 -3  -1  0   1   3   3   1   -1  
215 -2  -2  -2  -4  -2  -1  -2  1   
216 4   -2  -4  -1  2   1   -2  -2  
217 0   2   2   2   0   -1  0   -2  
218 0   -4  -2  -3  -3  1   0   -1  
219 -1  -2  3   1   1   1   -2  -2  
220 0   1   -1  -1  -4  -2  -3  -1  
221 -14 -3  0   -2  -1  -3  -1  -4  
222 3   1   -3  0   -1  0   -1  -1  
223 -8  -2  -3  -3  -2  -2  0   0   
224 2   0   -3  -1  0   1   1   1   
225 -1  -2  0   -3  0   -2  0   1   
226 5   3   -1  -3  -2  -2  -2  -1  
227 -9  -3  -1  0   1   1   1   -2  
228 -1  2   -1  4   2   4   0   1   
229 -6  -3  -3  -5  -2  -2  -2  -1  
230 -7  -1  -1  1   -3  -3  -1  -3  
231 -16 -3  -2  1   0   2   -1  -1  
232 0   0   -3  -1  0   -2  0   -1  
233 -14 -6  -1  -2  -2  0   1   -1  
234 0   -1  -1  -2  0   -4  1   -1  
235 5   -3  -3  -3  -2  -3  -2  -1  
236 0   1   1   1   -2  -1  0   2   
237 -9  -4  -2  -2  -1  -2  -3  -1  
238 -3  3   1   -1  -4  -2  0   -2  
239 -2  0   -1  -2  -3  -2  -1  -3  
240 3   1   0   1   -2  1   1   0   
241 -9  -1  -1  -2  -1  0   -2  -2  
242 1   -1  -3  -1  -1  0   0   -1  
243 -7  -3  -1  -2  0   0   -1  -1  
244 1   -2  -4  -1  -2  -3  0   0   
245 -2  -2  -3  -2  -2  -2  -1  -2  
246 -3  -2  -1  -4  -3  -2  -2  1   
247 -10 -1  0   0   2   3   0   -1  
248 3   -2  -2  0   -1  -5  -1  -1  
249 0   3   0   -3  -3  -3  -2  -3  
250 6   3   2   -1  0   -1  -1  -2  
251 -15 -6  -3  -1  -1  -3  -2  -2  
252 -3  -5  -2  -1  -2  -1  -1  -1  
253 -1  0   -1  0   -1  -1  -2  -1  
254 -3  -1  -1  1   -2  -4  -1  0   
255 3   -4  -1  -2  0   0   -1  -1  
256 -1  1   -2  0   -1  -3  -2  -2  
257 3   1   -1  -1  -2  -1  -1  0   
258 1   1   -1  -2  0   1   -1  1   
259 2   4   0   -2  -3  -3  -1  0   
260 -1  -1  0   2   0   1   2   0   
261 -14 -3  0   -1  1   -1  0   -2  
262 -1  2   3   1   0   0   -2  0   
263 5   -1  0   -1  -1  0   0   -1  
264 -11 -4  -4  -3  -1  -2  0   -1  
265 -3  -3  -4  -2  0   1   -2  0   
266 0   -1  1   1   0   0   -2  -2  
267 -7  2   -2  -1  1   -1  1   0   
268 2   1   -1  3   1   3   -1  -1  
269 0   0   -1  -2  0   2   0   0   
270 1   1   1   0   -2  -2  1   0   
271 2   3   1   2   3   1   0   0   
272 -5  2   0   -3  -9  1   0   -1  
273 -5  3   7   11  3   13  3   1   
274 -4  -1  -1  -2  -13 -5  -2  -2  
275 -1  0   -2  -1  5   -12 -5  -1  
276 6   4   8   1   2   1   2   1   
277 0   0   3   1   2   4   0   -2  
278 -9  -11 -8  -3  -6  -6  -3  -2  
279 20  8   5   -1  2   -1  4   3   
280 8   10  8   6   7   2   3   1   
281 -2  -4  -4  -5  -8  4   2   0   
282 3   3   3   1   -19 0   1   0   
283 0   -5  -7  -1  0   0   -1  0   
284 2   4   4   -3  12  2   0   1   
285 -20 0   2   -1  10  -3  -1  -2  
286 3   0   -1  -1  -3  5   1   0   
287 -1  -6  -3  1   8   0   -2  -3  
288 20  5   2   4   7   1   0   -1  
289 -4  0   -3  -3  13  -3  -2  1   
290 9   10  4   -5  1   0   -1  1   
291 4   5   4   3   1   7   2   1   
292 -4  -2  1   -3  -8  -2  -3  -1  
293 -11 -5  -2  0   -5  0   0   0   
294 0   2   2   3   5   -1  2   -1  
295 -21 4   0   0   -5  1   0   -2  
296 2   0   -1  -4  -2  -2  -2  -1  
297 2   -5  -4  -15 -25 -17 -5  -5  
298 2   -2  -6  -4  -3  1   -2  0   
299 -7  1   5   5   11  6   0   0   
300 2   -1  -4  2   9   -1  -4  -1  
301 2   1   1   2   5   -2  -1  -2  
302 3   4   2   -2  -9  4   2   3   
303 1   2   1   1   -1  0   0   0   
304 2   -1  -2  -2  -6  2   -1  -1  
305 0   -2  -5  -3  -8  -2  0   -2  
306 3   -3  -8  -3  -6  -3  -5  -3  
307 5   -1  -2  2   14  0   -2  -3  
308 -2  1   2   1   -1  -7  -4  -4  
309 1   0   0   0   -2  -1  -1  2   
310 3   1   -1  -1  -4  4   2   -1  
311 0   -1  2   2   9   0   -2  1   
312 -13 -1  0   -8  -2  -2  -2  0   
313 -2  -5  -5  -6  0   -3  -2  -2  
314 3   4   0   -4  -8  -6  -2  -1  
315 8   -1  -3  -6  -9  -7  -4  -3  
316 -1  0   1   1   -2  3   1   1   
317 4   6   5   1   -7  -1  5   2   
318 -13 -6  -4  1   -2  -2  -3  0   
319 3   -1  1   3   -2  -1  1   3   
320 3   -5  -5  -1  -6  -6  -6  -4  
321 -5  -3  -4  -1  -9  -4  -3  1   
322 -4  -3  -1  -2  -1  -3  -3  -2  
323 -12 -1  0   1   11  4   0   1   
324 1   -3  -8  -15 -20 -14 -5  -5  
325 -4  -4  -1  0   -18 0   -2  2   
326 -7  -1  0   -2  10  3   2   0   
327 8   1   -3  -1  -17 -5  -5  0   
328 -6  0   0   4   18  7   1   -1  
329 0   5   1   -3  -27 6   5   3   
330 11  1   -2  2   6   0   -2  -1  
331 7   0   -3  -5  -13 1   -1  0   
332 -1  -2  -4  -1  3   -2  -1  -2  
333 2   -3  2   1   -19 3   1   -1  
334 -5  0   3   6   25  2   -3  1   
335 -17 -6  -1  0   -15 1   -2  -2  
336 0   4   -2  -2  -1  -1  7   1   
337 -10 -4  -1  -2  11  -3  1   -1  
338 4   -2  -2  -3  -4  3   0   -1  
339 -8  -3  -1  1   -5  0   -3  0   
340 10  -2  2   6   27  1   2   1   
341 -8  -5  -4  -2  -9  0   3   -1  
342 -3  -1  1   -3  7   -6  -2  4   
343 7   -2  -5  -6  -6  -3  -3  -2  
344 8   5   1   -4  -4  -4  -8  -13 
345 -1  -1  -1  3   9   4   1   1   
346 3   -1  -2  -4  5   -3  3   5   
347 3   -1  -3  -1  9   1   1   -1  
348 1   0   -3  -3  4   -2  -3  -1  
349 0   -3  -3  -6  -18 -6  -3  1   
350 2   -5  -4  -1  -3  -3  -5  -5  
351 9   1   0   0   1   -4  -2  -8  
352 1   -1  -1  1   6   1   -2  -2  
353 -5  -4  -2  -5  -18 -13 -7  -3  
354 -4  -2  -2  0   1   -5  -4  -4  
355 -4  0   1   2   -1  3   -1  -9  
356 2   -1  -3  -7  -15 -5  1   -1  
357 -6  -10 -5  -3  4   4   -4  -1  
358 -15 -4  -2  1   10  -4  -2  -4  
359 1   2   1   -1  -5  -3  -3  0   
360 -3  -2  -4  -2  0   4   4   1   
361 10  -2  -4  -3  -3  -3  -2  -2  
362 0   0   -1  3   -10 0   1   -1  
363 -11 -4  -1  3   35  1   -2  0   
364 -1  -1  -3  -4  4   -9  -3  -1  
365 0   4   0   1   -1  1   1   -4  
366 4   1   -1  0   -2  0   -1  1   
367 -7  -6  -3  -5  -3  -3  -2  1   
368 3   -4  -5  -3  -8  4   2   0   
369 -6  2   0   -3  -2  -11 -2  -12 
370 3   -1  -3  3   6   8   0   -2  
371 -1  0   -2  -1  -3  9   -1  -12 
372 5   -2  2   0   4   7   -1  0   
373 0   -5  -1  0   -2  -7  -1  2   
374 2   -4  -3  0   0   -1  -1  -2  
375 -2  5   1   1   -2  -1  -2  1   
376 -12 -3  -4  -2  3   6   1   -2  
377 -9  0   1   0   0   2   -1  0   
378 6   2   1   1   1   0   0   -2  
379 -16 -5  1   -2  -1  2   0   -3  
380 -5  -1  1   -1  -3  3   0   1   
381 4   2   -3  1   -2  -6  1   -1  
382 8   1   -2  0   1   0   3   -1  
383 -6  -2  -2  -2  -3  1   -5  -4  
384 -1  0   -4  -5  -9  -14 -4  -4  
385 1   -3  -1  -3  -2  -8  -5  -1  
386 -25 -7  -4  -5  1   9   1   -1  
387 -8  0   0   -1  -2  0   1   0   
388 8   -2  -3  -2  0   -3  -1  -1  
389 -10 10  4   4   1   -2  2   3   
390 -12 -6  -6  -3  -4  -1  -2  -1  
391 1   0   -2  -2  -6  -1  4   -1  
392 -2  -1  -1  -1  1   -2  0   -1  
393 2   -4  -1  0   0   -2  -4  -1  
394 -3  1   3   3   -5  -8  -5  0   
395 10  6   -2  -4  -4  -6  -1  -1  
396 4   -1  -2  -1  -1  -4  0   3   
397 -13 -5  -3  -3  -5  -7  -3  -3  
398 1   1   -3  -1  -2  -1  -1  -3  
399 8   0   0   1   2   2   0   -1  
400 -1  -1  1   1   0   0   1   -1  
401 -5  -6  -2  0   1   -5  0   1   
402 0   1   -1  -2  -2  -3  -2  -2  
403 -5  -2  -4  -2  -4  -1  -2  -1  
404 5   2   3   1   1   5   0   -2  
405 -9  -4  -2  1   0   0   -2  -1  
406 7   0   1   0   -1  1   0   0   
407 3   -2  0   0   -1  -2  -3  -1  
408 -4  -5  -2  -1  -2  1   0   -1  
409 2   2   3   2   0   0   -2  -1  
410 -3  0   -1  0   0   -3  0   -1  
411 6   0   -2  -2  1   0   -2  1   
412 2   0   -2  -2  0   2   0   0   
413 2   -4  -2  -2  -5  -7  1   0   
414 0   -2  1   1   0   -4  -2  -1  
415 -9  -4  0   0   1   2   1   -1  
416 9   3   0   0   -1  2   -1  0   
417 4   0   2   1   -1  0   -1  1   
418 -10 1   -1  1   0   -2  0   0   
419 -8  -2  -2  -3  0   -4  -1  -1  
420 1   -1  -1  0   -2  -5  -2  0   
421 1   -5  -3  -3  -2  0   1   -2  
422 1   -1  -1  -2  -2  -2  0   0   
423 -7  1   0   0   -2  -3  -1  -1  
424 -7  -3  -2  -2  -3  -6  -2  -5  
425 -3  1   1   0   1   -1  1   -1  
426 -5  -3  -2  -1  0   0   2   1   
427 2   -3  1   3   0   -6  -3  -3  
428 11  5   1   -2  2   -2  -1  -5  
429 6   1   0   1   3   6   -2  0   
430 -5  -5  -1  -1  -1  -1  1   -1  
431 -5  -4  -2  -2  -1  -5  -4  -2  
432 -5  -6  -4  -3  -2  -3  -1  -1  
433 -7  -2  -5  -5  -7  -7  -9  -6  
434 -12 -6  -3  -4  -4  -5  -2  -3  
435 4   5   4   3   3   6   1   2   
436 3   1   2   -2  -2  -3  1   1   
437 5   3   1   -1  0   0   -1  -1  
438 -1  -4  -1  -1  -2  -3  -4  -1  
439 -4  -5  -2  -1  1   -2  -3  -4  
440 -3  -5  -2  -1  0   -1  -1  -3  
441 2   1   -2  -2  -1  0   -1  1   
442 -12 6   0   0   2   1   -1  0   
443 13  3   -1  0   3   1   2   1   
444 0   -2  -1  -2  -3  -2  0   2   
445 -13 -2  1   0   -1  -2  2   -2  
446 1   -1  -2  -2  -1  4   -1  -2  
447 8   2   -4  -3  -3  -1  2   0   
448 -4  -1  -2  -2  -2  -1  2   -1  
449 0   1   0   1   0   -4  0   -1  
450 -3  0   3   0   -1  -1  -2  -4  
451 -12 -4  -2  -1  -1  -2  0   -2  
452 3   0   -2  -1  -2  -5  -2  0   
453 -2  -2  -4  -3  -1  -2  -2  -2  
454 -1  0   1   0   -1  -1  -3  -3  
455 6   3   2   2   -1  -6  -4  0   
456 -8  -3  -3  -3  -3  -7  0   -1  
457 -2  -2  -2  0   3   15  0   -2  
458 13  -2  -1  -2  -5  3   2   3   
459 2   -4  0   -1  2   13  5   -1  
460 -10 -3  1   -1  -1  5   0   5   
461 7   0   -2  -4  -6  -25 -2  -5  
462 51  10  0   0   -3  -2  4   -2  
463 10  -2  -3  -8  -9  4   -16 -4  
464 8   0   6   9   7   34  -1  1   
465 5   8   7   11  31  40  -5  2   
466 4   4   3   0   -6  -3  4   7   
467 0   -9  -6  -4  8   -1  -10 -4  
468 -20 -6  1   3   10  87  7   5   
469 -2  0   5   5   5   -6  2   -2  
470 9   2   -1  3   6   18  13  8   
471 5   2   -1  -3  -9  11  -4  -3  
472 -8  3   0   -1  -3  -10 -22 2   
473 6   0   -3  -3  -7  -2  -2  7   
474 0   -2  -2  -5  -2  3   4   -4  
475 -14 -9  -9  -14 -15 -1  0   -11 
476 3   0   -3  -3  -9  -14 3   -1  
477 3   6   5   8   5   -19 9   2   
478 0   5   6   7   7   -1  -10 -6  
479 -3  -2  5   9   4   -17 0   -1  
480 10  0   -1  -2  -4  5   8   4   
481 7   -3  -4  -9  -12 5   1   -4  
482 0   -5  -3  0   8   56  8   -3  
483 -13 -11 -6  -15 -31 -33 -10 -9  
484 -17 -7  0   -2  -10 -27 -3  1   
485 4   3   2   1   2   2   -2  -12 
486 -5  -5  4   6   6   10  8   4   
487 -4  -2  -2  3   6   3   1   0   
488 18  -7  -2  -3  -8  -5  -25 -16 
489 9   4   2   4   -2  5   5   4   
490 16  3   -2  -6  -2  17  7   0   
491 -40 -2  0   0   1   -14 -6  -3  
492 3   1   -3  -1  0   0   -3  1   
493 10  6   -2  0   -4  0   -8  -2  
494 -1  -3  0   2   -1  -16 0   1   
495 5   -2  -1  -1  -2  -26 -3  -8  
496 13  3   1   0   5   9   1   1   
497 -6  5   2   -5  -6  -7  13  5   
498 2   7   8   7   -2  -34 3   8   
499 -7  -6  -1  -2  1   2   12  2   
500 -3  1   -1  -4  -6  -9  -7  0   
501 -13 5   2   2   -2  24  -1  -5  
502 -14 -6  -1  -3  -7  -26 -11 -10 
503 14  3   -4  -7  -5  -22 -3  -12 
504 -2  1   -1  -4  4   11  2   4   
505 -6  -2  -4  -5  -6  5   4   -5  
506 0   -4  -5  -5  -2  8   2   -2  
507 -17 -11 -9  -16 -28 -31 -16 -11 
508 11  -3  -2  1   3   24  -3  0   
509 5   10  -5  -6  -3  18  -5  -11 
510 2   -5  -9  -11 -11 -2  -6  3   
511 3   -3  -2  -3  -4  -6  2   4   
512 9   0   -1  -2  -4  -31 -2  -3  
513 1   -4  -4  2   11  47  9   -2  
514 6   -3  1   3   3   -3  7   8   
515 8   -1  -1  -1  -2  -3  -2  2   
516 3   -4  -4  -3  -6  -21 -3  1   
517 -4  3   -3  1   1   -7  -4  0   
518 -1  0   -1  -5  -10 -14 6   0   
519 11  0   -2  -2  1   4   0   0   
520 4   4   1   2   7   -1  -5  2   
521 5   2   3   3   3   -2  -3  -25 
522 4   -1  -1  -1  5   23  14  3   
523 -7  -5  -2  -4  1   51  2   3   
524 2   3   3   2   2   -6  -2  -3  
525 -6  -2  -1  5   5   5   -2  2   
526 -4  -1  -4  -2  -11 -29 0   -3  
527 13  4   1   1   1   -4  -1  1   
528 -6  -2  -2  0   1   -27 11  1   
529 15  5   -4  -5  -3  3   -5  -5  
530 9   3   5   8   11  16  -4  4   
531 -2  -3  -2  -2  -6  -2  -10 -5  
532 -6  2   4   3   5   2   10  2   
533 -2  -4  -2  3   7   19  1   -2  
534 9   8   5   7   6   15  -13 -4  
535 -11 -5  -1  -2  -5  -38 2   2   
536 1   -4  -5  -3  -5  -11 2   1   
537 -1  -2  -2  -6  -9  -37 -9  -3  
538 -5  -4  -5  -6  -9  15  4   -7  
539 -19 6   6   2   4   -11 -13 -3  
540 0   -5  -1  4   7   1   3   9   
541 3   0   0   -2  -5  17  1   10  
542 6   -2  -2  -4  -9  -23 -7  -1  
543 -16 -4  -3  5   6   -17 2   -10 
544 5   -4  -2  -2  -3  -18 -8  -2  
545 1   -2  0   -1  -2  11  11  -1  
546 7   2   -2  -4  -2  -5  -6  9   
547 0   0   2   5   7   8   3   -5  
548 -8  -2  0   -4  -3  -32 -8  3   
549 -5  -2  0   5   11  17  30  10  
550 -1  0   2   9   14  13  4   1   
551 0   7   6   8   12  20  8   5   
552 1   -5  -3  1   6   -1  2   6   
553 -14 -1  2   0   -7  0   -8  -9  
554 -2  -2  -4  -2  -3  -11 -7  -6  
555 -3  0   -2  0   -5  -19 -5  1   
556 -4  -7  -2  -1  -2  -6  -7  11  
557 0   -1  3   -1  -2  4   1   -2  
558 -5  -1  -5  -5  -2  -4  -4  -11 
559 -5  -4  -3  -3  2   -1  0   -1  
560 14  -2  -1  -4  -4  -6  -4  -4  
561 -4  3   0   0   -2  -57 -1  -2  
562 -2  0   1   0   3   -64 -1  -1  
563 -5  -3  -1  -2  -1  -61 -2  -3  
564 5   -3  -2  -4  -1  -35 -2  -2  
565 4   -2  4   2   -1  19  1   -2  
566 0   3   1   3   3   8   0   0   
567 -6  -4  -1  -1  -1  1   0   1   
568 -5  2   -1  0   0   5   -1  3   
569 -7  -6  -4  -3  -1  -2  2   3   
570 -10 0   -2  -2  -2  0   0   4   
571 -11 3   0   0   0   -1  -1  1   
572 -3  -8  -7  -6  -10 -13 -6  -6  
573 12  4   4   3   0   0   1   2   
574 -1  6   3   2   2   14  4   -1  
575 4   2   -2  -2  -2  0   -1  2   
576 -2  -2  0   3   -1  0   -1  1   
577 2   5   2   3   1   -3  -2  3   
578 10  4   0   0   -1  0   -4  -3  
579 11  7   0   0   1   0   -3  1   
580 1   -2  -3  -2  -1  21  -1  -1  
581 -7  -4  -5  -2  -2  -6  1   -2  
582 3   2   4   4   -1  -9  -3  -2  
583 -6  -4  -5  -3  -2  -2  -1  1   
584 -10 -7  -3  -5  0   0   0   -2  
585 -3  0   2   1   3   8   1   -1  
586 2   -1  -4  -2  1   -2  1   0   
587 -15 2   -1  -1  -2  -3  3   0   
588 -2  0   0   1   -2  -2  -2  2   
589 0   -2  0   -3  -1  1   -1  3   
590 1   1   -2  -1  -2  -1  1   0   
591 2   -2  -2  -2  -1  -1  0   -2  
592 -8  0   -2  0   -3  -3  -3  2   
593 -6  -4  -3  0   -1  0   -3  0   
594 -1  -2  -1  0   2   1   -1  -13 
595 -3  0   -1  0   0   -2  -3  -1  
596 9   -2  -2  -3  -3  -4  -2  -5  
597 -18 -4  1   -2  -2  0   -2  -1  
598 -2  0   0   0   2   -2  -2  2   
599 -2  2   1   2   -4  0   0   2   
600 1   -1  -1  -2  -2  -1  2   -2  
601 -13 -1  -2  1   -1  -2  2   0   
602 -12 -7  -1  0   2   3   3   6   
603 8   1   -2  -1  -3  1   -3  -1  
604 0   3   1   0   0   2   2   -1  
605 6   -3  -5  -3  0   2   0   2   
606 -5  -4  -1  -2  -1  0   1   -1  
607 -1  2   1   1   1   -3  -1  -2  
608 -1  -3  -3  -2  -1  0   -1  2   
609 -1  -3  0   -1  1   2   0   -2  
610 -2  -1  -4  -2  -3  -1  0   -1  
611 -10 -2  1   0   -1  -2  0   5   
612 0   -1  0   2   2   1   3   2   
613 -3  2   0   2   1   1   -2  -2  
614 8   2   -2  -3  -7  -6  -2  5   
615 12  5   4   2   1   1   3   -5  
616 11  10  2   2   -3  -7  -4  -5  
617 10  -5  -1  -2  -1  0   -1  3   
618 -34 -5  0   -2  -3  1   4   -5  
619 -3  -4  -6  -3  -3  -4  -2  3   
620 -1  0   3   0   2   0   2   4   
621 17  10  8   6   1   -1  -6  2   
622 -1  0   1   -1  -1  -2  -3  -2  
623 -19 -10 -2  2   1   2   1   -1  
624 6   1   -5  -4  -6  -4  -4  -3  
625 -4  -4  -2  -3  0   1   -1  -3  
626 3   0   -1  0   1   2   -1  0   
627 -3  -3  -3  -3  0   3   2   2   
628 -2  2   -3  -2  -2  -1  0   0   
629 -2  -7  -3  -3  0   -2  0   -3  
630 2   -1  -4  -2  -1  -2  -1  2   
631 -2  0   -1  0   -1  2   -3  1   
632 -4  -1  -1  0   2   -3  -2  -4  
633 -11 -3  0   1   -1  -2  -5  -18 
634 4   -1  0   -2  0   -1  -2  1   
635 -6  -1  1   -1  -2  1   -3  2   
636 -15 -5  -2  -3  -2  -4  -2  -16 
637 -14 -3  -1  -1  0   -2  0   -1  
638 7   4   0   -1  0   0   1   3   
639 -7  -6  -2  -1  0   -2  -1  -1  
640 2   -3  -2  -2  0   0   1   0   
641 8   -3  -2  -5  -5  -3  -1  4   
642 -18 -5  -3  -2  -3  -2  -1  -2  
643 0   0   -1  -1  1   2   1   0   
644 2   0   1   0   2   1   1   3   
645 -15 -2  4   3   3   4   2   -4  
646 0   1   -1  -5  -3  -4  1   -5  
647 1   -6  -1  -2  -4  -3  -1  0   
648 -20 -5  -4  -1  0   -1  -2  7   
649 18  1   -2  -3  -3  -4  -3  -5  
650 -1  3   2   2   -1  -2  1   0   
651 -9  0   1   1   1   0   0   -2  
652 -12 -5  -2  -1  -1  -2  1   1   
653 -10 -3  -2  -1  -1  0   0   -1  
654 8   -1  -1  -1  0   0   0   3   
655 -2  -1  -3  0   -2  -4  -4  -1  
656 2   0   1   -2  0   0   -5  -5  
657 0   -1  0   1   -2  1   -5  2   
658 2   -5  -3  -3  -5  -5  -4  -5  
659 4   5   1   3   1   7   3   0   
660 10  2   -2  -3  -4  -1  -2  1   
661 7   1   -3  -7  -35 -6  -5  -4  
662 -2  1   5   2   2   4   3   3   
663 -5  -5  -1  2   13  0   0   0   
664 17  6   7   4   2   3   7   6   
665 0   -4  -6  -3  1   -3  0   -3  
666 4   3   2   -1  1   2   1   3   
667 4   5   4   3   -6  4   0   3   
668 13  -2  -5  -5  -12 -10 -3  -1  
669 0   -6  -3  0   7   4   1   1   
670 2   4   0   0   2   0   -2  -2  
671 0   0   0   2   8   0   2   -2  
672 8   0   0   -3  -3  -2  0   0   
673 -2  -2  1   0   -2  1   1   1   
674 0   1   1   2   7   -5  -7  2   
675 -4  -3  -4  -1  -5  -3  0   -2  
676 -4  1   -2  -2  0   -5  -3  -3  
677 -4  -1  -1  -1  -2  1   -2  -1  
678 1   -2  -3  -3  -2  -4  -1  3   
679 -6  -5  0   -3  -8  1   1   3   
680 -4  1   1   1   -1  -5  -1  -2  
681 0   -1  -2  -1  -3  3   0   -2  
682 -3  -6  -6  1   -5  -5  -2  -3  
683 -3  3   0   -1  -4  -2  -2  -1  
684 -5  -5  0   0   -2  -1  -2  -12 
685 0   2   0   0   -1  -1  -1  0   
686 0   -5  -6  -4  -4  -3  0   2   
687 -2  3   4   -1  0   -2  1   -3  
688 4   -2  -5  -5  -6  0   0   0   
689 -6  0   0   0   0   -1  0   2   
690 -11 -4  -1  -1  -5  0   2   2   
691 -11 -4  0   -5  -11 -3  -2  0   
692 -1  -2  -5  -2  -1  -2  -5  -4  
693 -5  -3  -1  1   2   3   3   2   
694 -4  -3  -2  0   -4  1   -3  -2  
695 -15 -1  3   -1  -2  -4  -3  -2  
696 -1  -9  -8  -4  -9  -1  -3  -2  
697 4   2   -2  -2  -1  -4  -2  0   
698 -2  -5  0   0   -2  2   -3  -2  
699 -1  2   0   0   -1  -5  -3  -1  
700 -8  -3  2   1   1   1   2   0   
701 7   -4  -6  1   16  -3  -5  -5  
702 -2  0   -3  -3  -3  -5  -4  0   
703 -14 -2  5   2   -10 4   3   0   
704 5   1   -3  -2  -2  -1  -2  1   
705 0   1   1   1   -2  -3  -1  -3  
706 -2  -5  -1  1   5   1   0   0   
707 -5  -2  1   4   10  3   -1  0   
708 5   2   3   2   0   2   1   0   
709 -1  -3  -1  -1  0   -2  -3  -4  
710 -10 -1  2   -1  -3  -5  -4  0   
711 2   2   -2  -2  -11 -2  -3  -1  
712 4   -3  2   0   3   0   0   0   
713 2   -2  -3  -1  9   1   1   0   
714 -4  -5  -3  0   8   -3  -3  -7  
715 -16 -3  0   3   0   3   0   -2  
716 3   0   0   1   4   6   0   1   
717 -21 -6  -3  -3  -5  -6  -2  -4  
718 -2  -3  -2  -4  1   -1  -1  -1  
719 -3  0   -2  2   7   2   -1  -1  
720 0   -1  -2  -2  -3  -1  1   1   
721 -2  2   0   -3  -12 -2  1   -3  
722 6   -4  -4  -6  -27 -4  -3  -2  
723 5   6   8   6   26  0   -1  -3  
724 4   0   -1  1   2   1   -2  -2  
725 -4  -1  1   -2  -11 -8  -7  -4  
726 -7  -1  -3  -3  -3  2   2   0   
727 7   -2  -1  0   1   1   2   -1  
728 -5  -3  -5  -1  -4  0   1   -2  
729 5   0   0   0   -6  -1  -2  -1  
730 -2  -3  -2  -2  -5  -1  -1  0   
731 3   -2  -3  -2  7   -5  -2  -1  
732 1   -3  -5  -8  -3  -3  -5  -2  
733 -10 -4  -5  -7  -9  -9  -7  -4  
734 3   -1  -4  1   -1  -1  -3  4   
735 0   -1  0   0   -1  0   0   -4  
736 -2  1   2   0   2   -3  4   -4  
737 -12 -5  0   0   10  -2  -3  -4  
738 -16 -3  0   2   6   2   5   1   
739 -14 -1  1   -1  -2  -1  0   -2  
740 -2  -4  -3  -5  -1  -6  -3  -3  
741 -1  -2  0   0   -3  -5  -2  -6  
742 5   -1  -2  4   16  1   -6  1   
743 -8  -2  -3  -6  -20 -15 -15 -8  
744 -2  -1  0   -1  1   0   -2  0   
745 -1  -2  0   1   5   13  7   0   
746 16  2   -3  -1  1   3   5   -1  
747 -6  -2  -1  -3  -3  0   0   -18 
748 1   -2  0   1   1   -2  -3  0   
749 5   5   -2  -5  -4  -3  0   6   
750 0   -2  -3  0   -1  0   -1  2   
751 -1  -3  -3  -1  -1  -4  3   1   
752 -1  -1  0   -1  -3  -3  -1  3   
753 0   3   3   -2  -3  -1  -6  -2  
754 -6  -1  0   0   3   4   0   1   
755 2   -1  -5  -3  0   0   -2  -3  
756 -4  0   1   1   0   -3  -2  0   
757 9   3   1   0   2   1   2   -2  
758 3   4   2   -1  -1  -4  0   -2  
759 -7  -1  -1  3   7   11  4   2   
760 4   4   2   0   -2  -2  -4  2   
761 5   1   -2  -1  -1  -4  -2  -5  
762 -3  0   -1  0   -4  -5  0   0   
763 1   1   1   -1  -1  -3  -1  0   
764 6   1   0   -3  -2  -3  -1  2   
765 1   1   1   0   -1  -1  -2  -4  
766 -3  -4  -2  -2  -2  -2  -3  -1  
767 0   1   4   2   2   3   0   -2  
768 -2  2   1   0   -1  -2  2   0   
769 6   -3  -2  -3  -2  2   -1  2   
770 2   -3  0   2   3   2   -2  -2  
771 0   2   -1  0   1   0   -3  -3  
772 -8  -7  -1  0   -2  0   -2  -12 
773 0   0   -4  -2  0   1   1   1   
774 -5  -2  -3  -2  2   1   1   5   
775 -5  -3  -4  2   0   3   1   -2  
776 -4  -5  -2  0   0   -2  -2  0   
777 -1  -1  0   1   3   3   1   3   
778 1   -2  0   -1  0   0   0   0   
779 3   -2  -2  1   0   2   0   2   
780 3   -3  -3  -3  -4  -4  -2  -3  
781 0   -3  -2  -2  0   -1  0   0   
782 -5  -5  -1  -3  -1  -3  -2  -5  
783 10  -2  -3  -2  0   0   -1  3   
784 4   -1  -1  1   1   1   -2  0   
785 0   1   2   0   0   -1  1   3   
786 4   -1  -2  -1  -2  -1  1   2   
787 -4  -3  -1  -2  0   0   -3  -3  
788 -6  -6  -3  -4  -2  -1  0   -2  
789 9   2   0   1   1   5   4   1   
790 2   2   1   -1  -4  -1  -2  -1  
791 -7  -1  -1  1   -1  0   1   0   
792 -12 -2  3   3   2   0   0   -6  
793 3   1   0   3   3   2   -1  -3  
794 -3  -2  -3  -4  -3  -3  -5  2   
795 -4  -5  -6  -4  -3  -4  0   -1  
796 2   -4  -2  -2  -2  -3  -6  -3  
797 3   -1  -1  -4  -4  -2  1   -2  
798 -7  -2  -2  -1  -3  -5  -3  -3  
799 -3  -2  -2  -1  2   2   2   0   
800 -2  -1  -2  1   -3  -2  -2  -9  
801 5   -1  -1  -1  4   7   3   -1  
802 0   -3  -2  -1  -2  -1  -1  1   
803 -3  -2  -1  0   -2  1   -1  -1  
804 -1  -2  -5  -4  -3  -3  -9  -2  
805 -12 0   3   1   2   1   5   -1  
806 9   5   5   5   3   4   3   0   
807 5   1   -4  -3  -1  1   1   1   
808 -2  -4  0   -1  -3  -3  -3  -4  
809 0   -2  -2  -3  -1  -6  -3  -2  
810 -2  2   1   2   2   5   1   -3  
811 8   -1  -3  -3  -2  0   -1  -3  
812 7   1   -1  -2  -1  -3  -1  0   