
1 0   0   0   0   0   0   0   0   
2 0   0   0   0   0   0   0   0   
3 0   0   0   0   0   0   0   0   
4 1   -1  1   8   5   2   -2  -2  
5 -1  -2  0   5   -3  0   -1  0   
6 -2  -1  -3  1   -3  -8  -4  -1  
7 -1  0   -1  0   -1  -3  -1  0   
8 0   1   -1  -2  -1  -9  -2  -2  
9 -1  0   -1  -3  -5  -10 -2  -1  
10 -1  -2  -7  -5  0   2   0   -2  
11 2   2   1   0   0   5   -1  -1  
12 -1  -2  -3  -2  -3  -1  -4  -1  
13 -1  0   2   0   4   1   -2  -1  
14 -1  1   1   4   -1  3   -4  -1  
15 0   3   3   -11 -1  -1  -8  1   
16 0   -2  -2  -4  0   -9  -3  -1  
17 1   -1  -1  2   4   -4  0   -1  
18 0   -2  -2  -8  -4  0   1   -2  
19 -2  -3  -3  -2  0   -1  0   -1  
20 -2  -5  -2  -2  -2  -3  1   0   
21 0   0   -1  -6  0   -4  -1  -1  
22 -1  2   1   3   5   1   0   1   
23 -1  1   0   1   -1  -8  -4  0   
24 1   2   1   2   -1  -17 -4  -1  
25 -4  -1  -2  2   0   2   -2  -3  
26 -3  -4  0   9   2   -4  -3  0   
27 0   -1  2   2   -5  -6  -1  -2  
28 -3  -2  0   4   2   0   -4  -1  
29 1   -1  1   7   -1  -6  -4  -1  
30 -2  -2  -6  -6  0   4   4   -2  
31 -3  -4  -3  -6  -1  -3  -1  -1  
32 0   -1  -1  0   -3  -1  -4  -1  
33 -1  -1  -1  -2  -3  -10 -3  -1  
34 -1  -1  -4  -3  -4  -7  -4  -2  
35 -1  -3  -3  0   -3  0   0   0   
36 0   4   4   1   1   3   -2  -1  
37 0   -3  -3  1   -1  -7  -4  -2  
38 -2  -2  -6  -3  -1  -6  -2  -1  
39 -1  1   1   -4  5   -1  -1  -1  
40 -2  -3  -2  -9  -1  0   1   0   
41 0   -1  -2  -1  -4  -4  -4  -2  
42 1   3   4   -1  -1  -2  -5  -2  
43 0   -1  4   1   -3  -5  -2  1   
44 1   3   1   -10 0   9   2   0   
45 -1  0   -3  -3  -3  -3  -3  -1  
46 -2  0   -2  -7  -11 -16 -1  -2  
47 -1  2   -1  -2  -3  -2  1   0   
48 1   -1  -2  2   0   -1  0   -1  
49 -2  -2  0   -1  -2  -5  -2  -3  
50 1   1   1   3   -1  3   -1  0   
51 0   -2  -3  -4  1   3   -1  -1  
52 -1  2   1   5   2   0   -1  -1  
53 -1  0   2   1   1   7   -1  -2  
54 0   0   -4  -22 -3  -7  -1  1   
55 -1  0   -1  -1  0   -11 -1  1   
56 -3  -3  -1  1   1   4   -1  -1  
57 -3  -1  -3  -1  -5  -2  -2  -2  
58 0   0   4   0   7   0   0   0   
59 0   0   1   0   3   1   0   0   
60 -1  -1  0   -1  -3  -3  -5  -1  
61 -2  -4  -4  -4  -3  4   0   -1  
62 0   0   0   0   2   3   1   -2  
63 -2  -2  1   1   -2  -8  -3  -1  
64 -1  -4  -2  -1  6   -3  -6  -3  
65 0   0   -2  -5  -1  -4  -5  0   
66 -1  -2  -4  -3  4   -18 1   -2  
67 -2  -1  1   4   0   3   0   -1  
68 -2  -2  -2  -1  4   6   5   -1  
69 -1  0   0   0   -4  -2  -9  -1  
70 1   -1  2   1   -3  -4  -2  -1  
71 2   2   1   7   -3  -7  1   2   
72 -1  -2  -1  -2  -3  0   -1  0   
73 -2  -2  -3  -3  -6  -7  4   0   
74 -1  -2  -1  1   3   2   3   2   
75 0   -2  -3  0   0   -5  -7  -1  
76 -3  -2  -3  -4  1   0   0   -1  
77 0   -2  -1  -2  -4  0   -1  -3  
78 -3  -5  -4  -4  4   29  4   -2  
79 0   0   0   0   1   6   2   0   
80 1   0   3   4   4   1   -4  1   
81 0   -2  -3  -6  -2  -2  -1  -2  
82 -2  -4  -7  -2  -8  -11 4   -2  
83 1   -2  -2  1   -3  -2  1   -1  
84 -2  -3  -6  -19 -8  -11 -2  -1  
85 0   -1  -2  -3  -6  -3  -3  -1  
86 -2  -2  -1  -14 -2  2   0   0   
87 0   -1  -1  1   1   3   0   0   
88 -1  -3  0   -5  0   -4  -2  0   
89 1   1   4   3   5   0   3   -1  
90 0   -3  -1  -18 -1  5   0   0   
91 0   -1  -2  -4  -3  9   -6  -2  
92 -2  -1  -1  2   0   -7  -4  -1  
93 -3  -2  -4  -10 1   18  4   0   
94 -1  -3  -6  -12 -7  -8  -6  -2  
95 -1  -1  -3  5   5   14  3   0   
96 -1  -1  0   4   6   2   -1  -1  
97 1   1   3   3   5   -3  -4  0   
98 -2  -2  0   4   -3  0   -5  -2  
99 1   -1  -2  0   2   1   -3  -2  
100 0   -1  2   1   -3  2   2   -2  
101 -1  -1  -1  -2  -3  -10 -1  -3  
102 -2  1   -2  2   4   6   -2  -1  
103 0   0   -1  -1  5   1   4   0   
104 0   3   2   4   -4  -5  -8  0   
105 2   4   9   1   1   -1  -4  -1  
106 -3  -3  -4  1   -4  -3  0   -1  
107 -1  -4  -6  -12 -5  -10 -4  -6  
108 10  0   5   4   -34 -6  0   -10 
109 -24 -2  1   8   39  9   0   -6  
110 -8  0   0   2   -1  -4  -1  -5  
111 33  -2  -3  -9  -17 -11 -4  -12 
112 -1  0   -1  -7  22  10  2   14  
113 -6  -4  0   3   -34 -11 -1  -6  
114 -5  -2  -4  -4  16  4   0   0   
115 -4  -2  0   -4  1   -4  -2  -10 
116 -2  -2  -3  -7  -23 -5  -3  7   
117 -4  -2  -2  2   -32 -4  -2  -4  
118 -4  -1  -7  -7  19  -1  -4  -5  
119 -2  2   3   -2  -34 -17 -7  -19 
120 -2  -2  -4  -5  -1  -6  -1  3   
121 -1  0   0   -2  0   -2  -2  -2  
122 0   0   5   7   5   5   2   3   
123 0   1   -1  5   13  5   -1  -4  
124 0   0   0   2   -1  4   -1  1   
125 1   1   0   -1  34  4   5   -17 
126 -3  -1  -4  -6  2   2   1   -13 
127 -6  0   2   1   10  12  5   9   
128 4   0   3   17  31  19  9   21  
129 7   3   5   13  6   5   0   24  
130 2   3   7   5   40  4   4   2   
131 -33 -10 -9  -12 -25 -19 -9  -34 
132 0   -5  -2  -3  -37 -15 -8  -2  
133 4   1   -1  -3  2   -9  -5  9   
134 5   -1  -4  -6  -64 -6  1   -2  
135 -3  -3  -1  4   6   4   2   3   
136 -2  2   1   -5  -11 -10 -2  4   
137 -5  -3  -3  -11 -27 -17 -10 -10 
138 -7  -5  -7  -20 -37 -24 -6  -5  
139 -3  -2  -1  0   15  3   3   0   
140 6   3   2   4   11  0   2   1   
141 -12 -4  1   8   15  0   2   -17 
142 4   -7  -11 -20 -82 -31 -6  -7  
143 -10 -7  -6  2   12  0   -9  -10 
144 6   4   3   2   -5  3   1   1   
145 -7  0   0   1   25  0   0   7   
146 5   1   -1  2   15  0   0   -9  
147 1   4   4   13  50  25  8   -6  
148 1   -1  1   5   15  3   1   -3  
149 -1  -3  -7  -14 -12 -7  3   6   
150 2   -1  -4  -7  -52 -20 -7  14  
151 -1  1   3   2   11  6   2   4   
152 -6  -3  -6  -9  -45 -6  2   -19 
153 -9  1   2   13  42  18  8   14  
154 8   -4  -3  2   0   -4  0   -20 
155 17  1   -1  10  36  9   3   1   
156 -6  -1  1   4   32  5   0   4   
157 -10 -6  -3  -1  5   0   0   -30 
158 -2  -2  -3  -4  -14 -6  -2  5   
159 -18 2   5   15  32  6   2   -12 
160 3   0   2   -5  0   0   -2  -15 
161 -5  -2  -1  5   -8  -3  -5  16  
162 -5  -7  -5  1   48  -4  -2  -11 
163 -1  -3  -6  -9  -25 -1  -6  7   
164 0   5   7   22  65  26  6   -16 
165 -1  -3  -6  -7  -13 -6  -1  -3  
166 -2  -2  0   -3  -11 -7  -5  3   
167 1   3   9   19  5   -1  1   0   
168 0   -1  2   1   1   -12 0   -2  
169 2   -3  -1  1   21  6   6   3   
170 -4  0   1   12  5   -2  2   -16 
171 -2  -3  -4  -13 -3  7   4   -5  
172 -3  -1  1   1   2   6   1   0   
173 -3  -1  -1  -1  9   7   0   -16 
174 4   4   3   3   8   11  1   15  
175 -1  2   6   14  32  13  0   -1  
176 0   -5  -14 -28 -14 -10 -6  35  
177 2   1   2   -2  -19 -11 -6  7   
178 -5  -5  -4  1   9   6   1   -25 
179 0   0   -1  -5  -13 -7  1   -9  
180 -3  0   2   3   9   2   1   -26 
181 4   2   4   9   22  13  2   -2  
182 4   2   4   7   20  0   -1  18  
183 0   0   1   3   1   -4  0   -5  
184 -2  -2  -6  -12 12  4   -2  -3  
185 -1  0   1   -3  0   21  1   1   
186 1   0   0   1   -5  -20 -5  2   
187 1   -2  0   -1  7   12  -7  -1  
188 -3  0   -2  3   -1  26  -4  -1  
189 1   0   2   -3  -1  -4  -1  2   
190 -3  -2  0   3   -2  -6  -9  -5  
191 -2  -1  1   5   -4  -6  0   -2  
192 -3  -1  -2  -2  0   -12 3   -1  
193 -3  -3  -1  -1  1   8   -2  -3  
194 -3  -2  0   0   -3  -13 -7  -4  
195 -2  -3  -4  1   -2  -6  3   -2  
196 1   -1  -1  -3  3   1   -3  2   
197 2   4   6   4   7   19  -2  0   
198 -2  -6  -7  -9  -5  -7  -2  -3  
199 -3  -7  -6  -4  0   -4  1   -2  
200 1   -2  1   5   0   1   0   1   
201 -1  -1  -2  0   -6  5   0   -1  
202 -1  3   4   -5  -10 -5  -7  -3  
203 -1  -3  -4  1   5   6   -1  -2  
204 0   -3  -1  -1  0   4   -4  -1  
205 -1  1   -3  -1  5   7   -3  -2  
206 -1  -3  -4  2   1   7   2   0   
207 0   1   1   5   1   -7  -13 -2  
208 1   1   2   -2  0   -2  -2  1   
209 1   0   1   5   -2  -4  -4  -1  
210 -2  -2  -4  3   -1  -2  -3  -3  
211 2   -3  -2  0   1   1   4   0   
212 -2  -1  -4  1   -1  -3  1   0   
213 0   0   1   0   -8  -11 -7  0   
214 -2  -3  -3  0   2   8   3   0   
215 -1  -1  1   9   1   -9  -4  -1  
216 -1  -1  -5  -17 -3  -2  -1  0   
217 -1  2   1   -1  -8  4   1   -1  
218 -1  -3  -3  -1  0   6   0   -2  
219 -1  0   2   2   4   3   -1  0   
220 -2  -1  0   0   -4  -3  0   0   
221 0   -1  -3  -3  -2  -1  1   -1  
222 0   2   0   -2  3   -1  0   -1  
223 -1  -3  0   4   6   0   4   -1  
224 1   -1  -2  0   -3  -5  -1  -2  
225 1   -1  0   4   1   5   2   -1  
226 -3  -2  -3  -7  -7  11  2   -1  
227 1   3   -2  -8  -6  15  3   1   
228 -1  -2  1   -4  -1  -10 -5  -2  
229 -1  -3  -3  0   0   -2  0   1   
230 1   -1  2   2   2   18  6   0   
231 -2  -2  -1  5   -3  -18 -5  -2  
232 -2  -3  -5  -2  -3  -9  -2  -4  
233 0   2   0   -1  4   1   -2  0   
234 0   -1  -3  -7  -3  1   -3  0   
235 -1  0   0   -5  2   -4  -6  -2  
236 0   -1  -1  1   -4  -3  -9  -2  
237 -1  -3  -5  -5  -6  -8  -5  -1  
238 -2  -1  0   7   -6  -9  -8  -3  
239 0   0   2   4   1   2   1   -2  
240 -3  -2  -4  -3  -1  2   3   0   
241 -3  -4  -5  -5  -3  1   0   1   
242 -4  -1  4   0   -1  -5  -1  1   
243 0   0   1   2   3   4   0   -1  
244 -2  -2  -1  -3  -5  6   -1  -2  
245 2   -2  0   2   1   -3  2   -1  
246 -1  1   0   5   3   2   1   1   
247 0   1   1   4   -2  -5  3   0   
248 0   -2  -2  -2  -2  -2  -1  2   
249 -1  0   -3  0   0   1   0   -2  
250 -1  0   -1  1   1   -3  1   -2  
251 -2  -2  -1  4   -1  -2  4   1   
252 0   1   -2  -5  0   -3  -3  0   
253 -2  0   -1  3   -5  -7  -4  -1  
254 0   -1  -3  -2  -3  -4  -5  -2  
255 -2  -3  -2  5   1   -2  -1  -2  
256 -2  -2  -5  -1  0   -3  -6  -3  
257 0   1   3   0   -3  -2  -7  0   
258 0   0   1   -5  -8  -6  -2  -4  
259 -1  0   1   3   9   14  -2  -1  
260 1   -1  -1  3   -2  2   -4  0   
261 -1  -3  -5  -1  -1  -3  1   0   
262 -1  -1  1   3   -4  -15 -2  -3  
263 -1  -5  -9  -9  -6  -5  1   0   
264 0   -2  3   2   1   -4  3   0   
265 -1  1   4   9   7   -1  -2  -2  
266 -1  -1  -1  9   2   -7  -9  -3  
267 0   1   1   2   0   1   9   -1  
268 -2  0   1   -1  -2  -3  -2  -2  
269 -1  -2  -4  6   0   -7  2   -2  
270 0   1   5   8   -2  -10 -2  -1  
271 -3  -5  -6  -5  -4  -4  -3  -4  
272 2   -1  2   5   -1  -3  -5  0   
273 -1  -1  -2  -3  -3  -20 -2  -1  
274 -1  0   -4  -5  -2  -2  0   0   
275 -1  -1  2   -5  -6  -11 -4  1   
276 -1  -3  -4  0   4   9   3   -1  
277 1   -2  0   -1  -3  -3  -3  -1  
278 -3  -3  -1  -4  -18 -10 -2  1   
279 -3  1   -1  -4  -14 -3  2   -16 
280 -6  5   11  11  77  37  12  -20 
281 -7  -6  -6  -11 -9  -7  -4  -3  
282 -2  -3  4   -5  2   1   -9  1   
283 11  2   0   -4  -6  -8  -3  23  
284 14  -8  -2  7   16  5   6   -13 
285 -8  -2  -10 -11 -23 -7  -5  -3  
286 -3  0   -1  -8  7   -1  2   2   
287 2   -2  -2  8   -4  7   1   -2  
288 2   0   2   7   37  17  -2  -29 
289 19  0   -4  -13 12  -7  -3  4   
290 -4  -3  -6  -11 -35 -25 -13 -18 
291 -8  -3  -4  -4  14  -4  -1  16  
292 0   -1  -2  -3  2   -6  1   -6  
293 -21 -1  2   0   -8  5   -4  -8  
294 24  0   0   -4  12  0   -7  -7  
295 -2  -7  -13 -26 -89 -24 -6  -3  
296 -5  -2  -4  -9  -61 -13 -12 -18 
297 -3  0   -5  -2  -1  -9  -7  23  
298 2   -6  -5  -5  -26 -22 -4  -1  
299 -5  -3  -6  -14 -11 -1  4   -17 
300 -5  1   4   4   28  14  -2  -6  
301 -6  -5  -3  3   -3  -9  -6  5   
302 1   -1  2   14  24  -1  -4  -7  
303 8   4   9   2   -65 -14 -1  -5  
304 -5  -2  2   4   -3  -4  -1  2   
305 3   2   -2  -10 19  -7  -3  8   
306 -2  -1  0   11  20  2   -2  6   
307 9   0   3   10  34  1   2   15  
308 6   2   2   1   2   2   1   4   
309 -2  1   -2  -2  -22 2   1   2   
310 11  0   -4  2   18  9   1   11  
311 -11 -2  -4  -6  -26 -7  -2  26  
312 2   1   2   5   19  10  3   -3  
313 -5  -1  -2  -4  -24 4   1   -24 
314 -16 -3  -1  -1  -2  -8  -1  1   
315 -11 3   5   10  23  13  3   1   
316 14  -3  2   3   -2  -9  1   -10 
317 3   0   -1  3   -2  -10 0   -2  
318 -7  -2  2   8   15  2   -1  -4  
319 4   3   2   2   21  16  1   0   
320 1   -2  -4  -10 -2  -12 -4  -5  
321 -8  -3  -3  -2  -22 -4  -5  3   
322 -4  2   1   9   39  3   2   6   
323 2   0   -1  3   3   9   4   -7  
324 -22 -6  -5  -1  8   6   -2  3   
325 4   -4  -3  -3  7   -9  -3  8   
326 4   5   2   5   0   -4  -3  25  
327 -3  -3  -5  -8  -30 -9  -5  -9  
328 1   2   -2  -8  -30 -13 -5  -31 
329 -8  -6  -9  -23 -50 -27 -9  -9  
330 -2  -1  -1  5   2   2   4   11  
331 -4  -2  -1  -3  -15 2   0   -13 
332 6   1   1   3   -20 0   4   24  
333 1   6   8   20  22  17  6   24  
334 2   5   5   3   25  4   1   -22 
335 -1  -1  -1  -14 -7  -9  -2  20  
336 0   0   0   6   44  -14 -5  -4  
337 6   -1  1   6   8   8   3   10  
338 3   -1  1   1   -34 -3  3   0   
339 -2  -4  -7  -8  -7  -1  -1  5   
340 -3  -1  1   2   -11 0   -3  -1  
341 -10 2   2   1   43  10  3   -9  
342 2   -1  -2  -5  3   -17 -5  4   
343 3   3   1   -4  -15 3   1   12  
344 -4  -4  -3  -7  14  -12 -5  -8  
345 -2  3   5   1   -35 -29 1   -13 
346 -8  -3  3   11  5   3   -6  -10 
347 3   1   -4  -5  10  4   0   0   
348 0   0   -1  -3  -2  3   -2  1   
349 -1  -1  2   6   3   4   1   8   
350 -1  2   2   6   11  2   1   -13 
351 3   0   2   6   4   0   2   34  
352 0   -2  -1  -2  -17 -5  -5  -20 
353 -3  -5  -5  -13 -17 -13 -5  8   
354 -6  -4  -5  -5  6   -15 -3  7   
355 4   -1  1   1   30  -1  -2  5   
356 0   -1  0   -2  -18 3   0   -14 
357 -1  -1  -2  -3  -6  3   0   -8  
358 -3  -1  1   10  5   3   -4  -36 
359 1   0   1   -4  -15 -7  1   7   
360 -3  -4  -7  -2  51  3   3   23  
361 -6  -4  -6  -14 -9  -13 -5  -8  
362 -3  1   3   10  0   1   -1  -39 
363 0   1   0   -2  60  6   2   -22 
364 0   7   3   8   18  5   -1  -16 
365 3   -1  -2  -4  -37 -14 -2  12  
366 3   2   -1  -1  6   1   0   -8  
367 -7  -6  -7  -16 -39 -4  -1  -17 
368 0   -2  1   8   43  4   -1  15  
369 1   2   3   15  28  15  4   -50 
370 -5  -2  -2  -8  -33 -20 -5  -13 
371 0   -4  -1  14  20  10  6   11  
372 8   6   10  27  68  15  6   -7  
373 -3  -3  0   0   -1  1   3   -1  
374 4   3   5   18  15  11  4   8   
375 2   -6  -6  -3  -27 -18 -6  15  
376 -1  4   5   22  26  4   5   7   
377 1   0   -2  -3  -15 -1  -4  7   
378 3   1   -1  12  29  9   6   5   
379 -5  -4  -2  -12 -25 -8  32  1   
380 0   2   -4  -12 -6  -37 25  1   
381 -3  -1  -2  -2  -2  -1  -9  -3  
382 0   0   -2  -2  -3  -9  -6  0   
383 -1  -4  -7  -13 -4  0   -3  -5  
384 0   -1  1   3   -4  20  27  1   
385 -1  -2  1   4   -1  15  24  1   
386 0   1   1   4   1   -7  -14 0   
387 -4  -3  1   -2  -5  0   -9  -5  
388 -1  -2  0   -13 0   -1  -1  0   
389 1   -1  0   12  8   9   3   2   
390 0   -1  0   3   5   -2  -4  -3  
391 -2  -4  -2  5   2   -4  16  -3  
392 -2  -3  -5  -9  -1  0   -6  -3  
393 -1  -1  -1  -2  1   6   0   -3  
394 -2  -1  -1  -1  0   -2  -1  -2  
395 -2  1   3   8   3   1   -3  0   
396 -1  -3  -7  -5  0   4   -4  1   
397 -1  0   2   4   3   0   4   -2  
398 -1  1   2   6   -1  -6  -2  -3  
399 2   5   3   -6  0   1   0   0   
400 -2  -2  1   1   -5  -6  -4  0   
401 0   -3  1   4   -2  1   1   -2  
402 -3  -2  -4  -1  -3  1   -1  -2  
403 -2  -4  -5  1   0   -6  -11 -2  
404 -3  -4  -7  -1  -7  -1  2   -1  
405 -1  -4  -4  -1  -16 -1  -3  -1  
406 2   3   1   0   3   4   3   3   
407 -1  -2  -1  -1  1   5   -1  -2  
408 -1  0   1   3   -1  0   1   -2  
409 -1  1   0   0   -2  0   -1  -1  
410 1   0   2   4   7   1   0   -3  
411 -2  -3  -7  -10 -1  -4  2   -1  
412 -2  -2  -1  -1  -2  -6  -1  -1  
413 -2  -3  -4  -2  1   0   1   -3  
414 -2  -3  -1  3   1   4   2   -1  
415 -4  -5  -3  -6  -24 -8  -3  -4  
416 -1  -4  -4  3   0   0   1   0   
417 -2  -3  -1  2   1   -14 0   -2  
418 -1  1   -3  -10 -1  12  1   0   
419 0   -2  0   4   -3  -9  2   -4  
420 -1  1   1   -3  -14 -13 0   -1  
421 1   -1  -3  -1  2   -1  4   1   
422 -1  0   -4  -12 -7  -11 -4  -2  
423 -3  -3  0   3   1   0   -2  -2  
424 -1  -2  -2  7   -3  -8  -3  -1  
425 1   2   1   4   6   8   1   2   
426 1   -1  1   7   6   1   0   -1  
427 -1  -1  -1  8   4   5   -1  0   
428 -2  -1  0   1   3   -6  -1  -3  
429 0   -2  -6  -2  4   -4  4   0   
430 -1  3   -2  -16 3   5   -2  -2  
431 -3  -5  -3  6   -4  -17 3   0   
432 -3  -2  -3  -3  -19 4   -6  -2  
433 -2  -1  3   7   11  -11 -4  -3  
434 0   -5  -5  0   -1  -1  -2  -2  
435 -1  1   1   2   -1  3   2   1   
436 -1  0   3   1   0   -3  -4  -1  
437 0   0   2   17  9   12  -1  0   
438 0   -2  -2  -2  0   2   -3  -1  
439 -2  -1  1   -4  2   8   2   -1  
440 -1  -6  -4  -3  -1  8   1   0   
441 2   -3  -5  1   4   3   5   1   
442 1   -1  2   10  6   7   4   1   
443 1   -2  -2  -3  -3  -3  8   0   
444 -2  -1  -5  -14 -4  1   -4  -3  
445 -1  0   -1  -4  -4  -3  -4  -1  
446 0   3   7   9   7   4   -4  1   
447 -4  -2  -5  -5  4   19  3   0   
448 -2  1   5   -2  1   -2  -3  -1  
449 0   1   6   9   2   1   0   -1  
450 -2  -1  -3  -3  -5  -7  0   -3  
451 -2  -1  -2  6   -1  0   0   0   
452 0   -3  -4  5   -5  -2  1   -1  
453 -1  -2  -2  -4  -7  -3  1   1   
454 1   2   1   1   2   -4  -2  0   
455 -1  -1  2   9   5   10  3   0   
456 0   -1  0   0   -1  4   0   -2  
457 -4  -2  -1  6   3   -1  0   -1  
458 -2  -2  0   3   -9  -19 -2  0   
459 -2  2   0   2   -2  -7  4   -1  
460 -3  -4  -2  -3  -8  -7  -3  -3  
461 -3  -2  -1  6   0   3   -4  -2  
462 -1  -2  -1  4   8   6   5   -1  
463 -2  -3  -3  -9  -1  3   0   0   
464 -2  0   0   2   -5  -1  0   -3  
465 -1  -3  -4  3   -12 -5  -1  -1  
466 -4  -1  1   -3  0   -2  -8  -1  
467 -1  -2  -1  -3  -9  -12 -9  -1  
468 -1  -3  -3  0   -9  2   0   -1  
469 -2  -1  -1  -4  4   3   -1  1   
470 0   -2  2   9   20  8   -4  1   
471 -1  -2  -6  -18 -46 -20 -16 -4  
472 12  1   -11 -16 2   -6  -13 25  
473 -2  -1  10  34  39  32  23  -24 
474 15  -4  3   17  63  10  18  30  
475 -22 -8  -1  9   -63 -2  -10 -24 
476 20  1   -5  -17 -30 -21 15  19  
477 -15 5   5   8   14  -2  1   -6  
478 62  5   0   -13 -17 0   4   4   
479 0   -9  -7  -9  -52 -18 -12 20  
480 30  0   -3  -4  -5  -33 -7  18  
481 7   0   -1  -5  -33 16  13  18  
482 -4  2   9   17  8   13  17  -3  
483 -10 -5  -6  -13 -8  14  18  -22 
484 6   1   2   0   18  -4  14  6   
485 18  -1  3   14  20  18  7   14  
486 -14 -9  -6  -17 -54 -36 -16 1   
487 -22 1   2   2   -27 -7  0   13  
488 13  5   8   27  29  18  9   31  
489 8   -1  -10 -21 31  -13 -5  6   
490 3   0   3   7   20  -2  1   -13 
491 1   3   0   3   45  21  11  -2  
492 -11 -11 -14 -42 -79 -35 -14 -3  
493 5   2   0   -11 -13 -14 -14 13  
494 -3  1   -1  -7  -12 -18 -7  -9  
495 -13 -8  -4  -15 -21 6   -5  3   
496 -18 -1  3   5   -13 9   0   -20 
497 12  3   3   7   32  15  2   12  
498 22  -1  2   11  -40 -5  -5  8   
499 -5  -8  -5  -7  7   8   6   7   
500 -1  0   -6  -13 -40 -25 -1  -3  
501 19  4   0   -9  -6  -4  -5  32  
502 8   -1  -4  -6  -11 0   1   11  
503 -3  -2  4   7   5   11  8   31  
504 15  -4  -10 -29 -111-53 -11 -5  
505 24  0   -2  -6  -25 -9  -1  39  
506 -4  0   -4  -9  -13 10  7   -5  
507 -10 -4  -1  7   18  12  4   0   
508 1   -4  -7  -17 -19 -23 -5  -69 
509 -3  2   -3  -11 9   -17 -2  4   
510 -11 -2  0   13  33  8   -4  -2  
511 -7  -4  -1  -8  -26 -3  1   1   
512 -3  -3  -4  -11 -19 2   -5  14  
513 6   1   4   0   18  -5  3   -8  
514 -4  -4  -5  2   2   -6  -9  21  
515 5   -1  4   17  42  24  10  -22 
516 -3  -2  -5  -8  2   0   -3  10  
517 5   -3  -7  -3  15  -5  2   -3  
518 7   1   0   9   36  25  11  -3  
519 -5  -5  -7  -11 -10 1   -7  1   
520 -6  -1  0   0   10  -10 -8  -9  
521 -5  0   -5  -16 -32 5   -2  2   
522 -3  1   1   5   -9  -6  -2  3   
523 1   -4  -3  -7  13  16  2   -1  
524 8   0   -1  -8  -8  -28 -4  33  
525 2   -3  -5  1   3   -3  -1  -5  
526 1   -5  2   12  4   -3  5   -3  
527 -14 3   2   5   -57 -11 -3  -30 
528 -4  -4  -5  1   -39 -9  -1  4   
529 3   -2  0   4   17  -17 0   24  
530 -4  -1  2   1   -26 24  3   -12 
531 0   -1  0   -5  -11 -9  -2  7   
532 28  5   10  21  41  17  11  35  
533 -3  -3  -7  -15 49  -9  -2  -18 
534 -16 -14 -12 -24 -105-53 -17 -4  
535 6   0   -4  -15 -79 -34 -6  -14 
536 -1  -3  1   -4  5   -8  15  23  
537 8   2   -5  -25 -87 -8  -9  1   
538 -1  4   4   24  47  16  5   0   
539 -8  1   -6  -14 -11 -9  0   -35 
540 -4  -4  -2  4   41  7   -2  7   
541 -8  -2  -10 -32 -53 15  -4  4   
542 4   0   -4  1   -2  7   5   -12 
543 -9  -1  -3  0   0   -3  -3  -16 
544 -7  -7  2   20  31  15  -1  -1  
545 -11 -1  1   5   -15 -3  -2  -9  
546 -4  1   2   10  -7  5   -1  0   
547 6   0   1   7   18  -3  -2  -1  
548 0   1   -3  -3  12  0   -1  13  
549 -16 7   1   2   -10 3   -12 0   
550 1   2   3   14  5   -3  1   2   
551 -25 1   -4  -11 4   11  7   -5  
552 10  1   -3  -11 -12 9   3   15  
553 -2  1   -2  -14 16  1   -6  -4  
554 -21 -10 -6  -24 29  29  2   4   
555 -18 1   3   22  -15 3   5   5   
556 -4  1   0   -9  -17 -11 3   14  
557 -20 0   0   -8  11  4   2   -12 
558 0   -4  -5  -18 -10 0   -2  -2  
559 3   -4  -9  -21 -5  -5  -6  0   
560 -4  0   -1  -5  -22 -14 0   -1  
561 0   -2  -3  -5  -10 2   0   2   
562 0   -1  -3  -14 -6  -13 -9  0   
563 1   -1  -2  9   7   -4  -15 2   
564 1   -4  -5  -7  -12 5   -5  2   
565 5   3   6   7   15  6   26  4   
566 1   -1  -3  -7  -2  -16 -40 -4  
567 0   1   0   -8  -15 2   4   -1  
568 -2  1   2   5   26  17  0   0   
569 -3  -4  -4  -11 -13 -17 -11 -5  
570 1   0   1   4   -2  -6  21  2   
571 -2  -2  1   -3  1   6   -13 1   
572 -2  2   3   4   -9  15  2   0   
573 -1  -2  -2  -6  -5  -12 -8  -2  
574 -2  -1  -6  -25 -12 -2  -1  -1  
575 3   2   5   16  14  5   11  2   
576 -3  -5  -7  -14 -6  3   -18 -5  
577 0   -2  -2  0   0   2   3   -1  
578 1   1   4   2   2   -2  1   0   
579 0   -1  -4  0   0   -8  -3  -1  
580 -1  -1  0   1   -1  10  3   0   
581 -1  0   2   5   1   4   6   1   
582 0   0   0   -6  3   -12 4   -4  
583 0   2   4   2   3   10  2   0   
584 1   0   -2  -18 -2  -15 0   1   
585 0   1   2   2   -7  -19 -10 0   
586 0   -3  -1  5   1   2   -2  -2  
587 -2  0   2   0   -2  -3  -9  -1  
588 0   1   2   0   0   -4  3   0   
589 0   -3  -1  1   4   10  2   -3  
590 0   -1  -2  -3  0   4   3   1   
591 -4  -4  -5  -11 0   1   0   -1  
592 -1  3   -1  -4  1   0   3   1   
593 0   2   3   1   1   14  7   0   
594 2   3   2   3   -1  6   -1  -1  
595 -2  -4  -5  -9  -10 -16 -7  -1  
596 0   -2  -4  1   -2  -5  -2  0   
597 -3  -2  2   -3  -1  5   0   -3  
598 -1  -3  -5  -6  -1  19  9   1   
599 0   -3  -1  4   1   -2  -3  -1  
600 1   2   5   0   2   3   0   0   
601 -1  -1  1   3   -4  -6  -6  -4  
602 -1  -3  1   3   -2  22  1   -2  
603 -2  -1  -2  0   2   -12 -3  0   
604 1   0   0   3   -1  -5  -3  0   
605 -2  0   2   -3  -3  -8  -5  0   
606 1   -1  -2  -1  -3  6   0   -1  
607 -1  1   3   2   5   0   1   1   
608 0   0   -3  -4  -2  4   -1  -2  
609 -1  -1  0   4   1   -2  1   -1  
610 -1  -2  -3  2   -8  -24 -10 -3  
611 0   1   -3  5   0   8   0   -2  
612 1   1   -1  0   1   4   2   -1  
613 -1  -3  -8  -8  -9  -14 -7  -1  
614 0   -1  -1  5   -3  -20 0   1   
615 0   0   0   9   6   17  7   0   
616 1   -2  -4  -2  -1  -15 2   0   
617 -2  -5  -13 -21 -11 -4  -5  -3  
618 -1  -1  9   15  6   -3  0   1   
619 4   5   6   0   2   3   3   -2  
620 -4  -2  -3  0   3   8   -3  -1  
621 -1  -3  -4  3   -3  -27 -1  -3  
622 -2  -3  -4  -12 -9  -10 0   1   
623 -2  -6  -8  -6  -2  -3  15  0   
624 1   1   -1  -3  -1  -2  -10 -1  
625 -2  -2  -2  6   0   -3  -2  0   
626 -1  1   1   1   -1  -1  1   1   
627 -2  -2  -3  2   0   1   -2  -1  
628 -2  -1  4   3   0   3   2   -3  
629 0   2   0   -13 -5  -8  -3  -2  
630 0   -2  1   0   -1  -4  0   -2  
631 1   2   -2  4   -3  -6  -2  -1  
632 0   -1  -2  -6  0   -2  -1  -1  
633 -1  0   -2  4   4   14  4   0   
634 0   -1  -6  -14 -12 0   2   0   
635 -2  -2  0   -7  3   17  -2  -1  
636 0   3   5   -8  0   4   0   0   
637 0   -2  2   4   -2  -4  -2  -2  
638 -1  -1  -2  -2  1   0   3   -1  
639 -2  -4  -5  0   -1  -3  0   0   
640 1   2   3   0   0   4   -3  -2  
641 0   2   3   13  5   3   0   -1  
642 -1  -1  0   -1  -1  -1  -5  0   
643 -1  -4  -5  -4  -5  -15 -1  -2  
644 -3  -3  -7  -10 -1  -8  1   0   
645 -2  -3  -3  -15 -1  4   -1  -1  
646 -1  -2  -1  7   0   5   3   -1  
647 -1  -6  -4  3   -3  1   -4  -1  
648 -2  -3  -6  -18 -4  8   0   -1  
649 0   0   0   4   -9  -1  -1  -1  
650 -1  -1  2   14  4   4   -2  -2  
651 -1  -1  -1  -1  1   -6  0   -1  
652 -1  -7  -3  5   -4  2   4   1   
653 -1  1   -2  -25 -15 -15 -12 -3  
654 -2  -3  -3  -3  0   -1  1   -1  
655 -1  2   2   6   2   -1  2   -1  
656 -1  -1  0   -2  -5  -9  -3  -1  
657 -2  1   -5  -13 1   -1  -5  -1  
658 -1  -2  -2  7   -2  7   -2  0   