
1 0   0   0   0   0   0   0   0   
2 0   0   0   0   0   0   0   0   
3 0   0   0   0   0   0   0   0   
4 -2  0   1   0   0   -1  5   -1  
5 -3  0   -2  -1  -6  -8  0   -1  
6 2   0   2   7   5   -12 1   -2  
7 -2  -2  -1  -1  -3  -7  -2  -1  
8 -1  -2  -3  -4  -1  0   2   1   
9 0   1   1   2   -4  19  1   -2  
10 1   0   0   -1  -3  -10 -1  -1  
11 -2  -5  -3  -1  -4  -10 0   -3  
12 -3  1   4   0   -2  10  1   0   
13 -4  -2  -5  3   0   2   -6  -4  
14 0   -3  -2  1   5   -19 -10 -2  
15 1   -1  -1  -4  -9  2   0   0   
16 1   0   -1  4   1   -1  -2  2   
17 0   1   3   4   15  -8  0   -1  
18 -1  -1  -4  -7  3   12  2   -2  
19 0   1   0   -2  -3  4   -1  -2  
20 -3  -1  -1  -2  -1  -2  -1  -2  
21 -1  -1  -4  -2  -2  1   1   0   
22 1   0   -2  -1  4   -3  3   -1  
23 -1  -1  2   2   -3  -15 -4  -2  
24 -1  -1  -2  0   -2  -2  -1  -1  
25 0   -4  0   0   3   4   3   0   
26 -3  -2  -1  -1  7   -8  -1  -2  
27 -2  0   -3  -1  10  14  -2  -2  
28 -1  -1  -2  -7  -6  -1  -2  -2  
29 0   -2  -1  0   -2  3   3   1   
30 -1  -1  -1  0   -6  2   -4  -2  
31 1   0   0   3   -2  -2  0   -2  
32 -2  0   0   1   5   1   -9  -1  
33 0   0   -2  0   -2  2   2   1   
34 1   -1  -1  -7  -2  -28 1   0   
35 0   -2  -2  1   11  12  0   -2  
36 0   1   3   4   -2  12  0   0   
37 0   1   -3  -2  -2  -3  -1  -1  
38 0   -2  -2  -1  0   13  0   -1  
39 1   0   -2  -4  -1  -27 -4  0   
40 1   -2  -2  -3  3   -13 -4  0   
41 -1  -2  0   1   -4  -1  -2  -2  
42 -1  0   -1  -9  -2  -12 -2  -1  
43 -2  -1  -2  1   2   -2  1   -1  
44 0   2   4   6   -3  -17 1   -2  
45 0   -1  1   -5  -16 -8  1   -1  
46 -1  -1  -2  -1  5   18  0   0   
47 -1  -2  -3  1   -3  -18 -7  -1  
48 1   -6  -5  0   11  -5  -2  -3  
49 -1  -2  -2  0   -4  -6  0   0   
50 0   -1  -1  3   -1  -3  1   -1  
51 -1  1   2   6   -2  -5  2   -2  
52 0   0   0   0   -8  18  2   -1  
53 -2  -1  -4  -1  -7  -11 -1  -2  
54 0   -2  -1  1   -5  4   4   -2  
55 2   1   1   -7  -6  -7  -1  1   
56 -2  -3  -1  3   -1  11  -2  -1  
57 -1  -4  -4  3   2   -3  4   -2  
58 0   4   3   -2  3   1   -1  0   
59 -2  -3  -3  2   2   4   -1  -1  
60 -1  -1  -2  -2  -12 1   -1  -2  
61 -1  1   0   0   7   3   3   0   
62 -4  -5  -4  -1  -5  -8  -1  -1  
63 1   -2  -4  -2  -1  10  2   -1  
64 -3  -2  -2  -2  -10 -6  -2  -1  
65 -2  0   3   5   5   0   0   1   
66 -2  -1  1   1   5   -5  -1  -1  
67 -1  -2  -2  -3  -6  -2  -1  0   
68 1   0   -2  1   -5  -7  -2  -1  
69 -1  -4  -4  1   -1  -1  0   -2  
70 0   -1  -1  3   1   4   -1  0   
71 -3  -1  -5  -4  -1  -4  0   1   
72 -1  0   0   -1  -3  -11 0   -2  
73 0   -2  -3  -6  -18 -7  -4  -2  
74 1   -2  -3  -2  1   -6  -2  0   
75 -2  -1  -2  0   0   14  1   0   
76 -2  -2  -2  -6  -2  -5  -3  -2  
77 -1  0   0   1   -3  3   -2  -1  
78 -1  0   2   6   6   1   -1  -1  
79 0   -2  -2  -5  -4  -5  -2  0   
80 1   0   -4  -13 0   5   3   -1  
81 -2  -2  -5  -6  -13 -4  -1  0   
82 2   0   0   0   -2  3   -1  -3  
83 0   0   2   0   2   12  0   -1  
84 -1  -1  -4  0   -7  -1  1   1   
85 -1  -2  -2  -2  0   6   0   -1  
86 0   0   -3  -12 -6  -8  0   -2  
87 -1  -3  -4  -1  -4  -6  -2  -2  
88 -1  2   0   -4  -21 12  -1  -2  
89 -4  -4  -3  0   15  -4  -3  -1  
90 -1  -1  -3  2   3   3   3   1   
91 1   0   1   2   3   -6  0   0   
92 -1  -2  -2  -2  1   -6  4   -1  
93 2   -1  0   0   -2  -3  0   0   
94 0   -1  -2  -2  14  8   1   -1  
95 0   0   0   11  1   12  -1  -1  
96 -11 -10 -8  -14 -5  -9  -5  -7  
97 -9  -9  -3  -1  -19 -16 -3  -5  
98 -9  -3  -2  0   3   6   2   -6  
99 4   0   2   -4  -2  6   0   -3  
100 -5  -6  -6  -12 -19 0   -5  -4  
101 8   1   0   -9  -27 8   -1  -2  
102 0   0   1   11  15  3   1   0   
103 -4  -3  1   9   5   -18 -1  -1  
104 0   0   0   1   4   7   0   0   
105 -13 -1  -3  -10 -16 13  -2  -1  
106 2   2   4   3   20  -11 3   2   
107 -5  -2  0   7   0   14  -3  0   
108 -4  2   -2  0   0   15  -8  -4  
109 -4  -4  -6  -9  -6  -9  1   1   
110 13  -2  -4  -16 -64 -4  -1  -1  
111 -5  0   -1  -4  5   -3  5   0   
112 -1  -1  -1  3   21  2   -1  1   
113 1   -1  -4  -4  -7  3   4   -1  
114 -8  0   1   6   -1  1   -1  1   
115 -4  -3  0   -4  1   1   4   -1  
116 -4  -1  0   14  33  43  6   0   
117 -3  0   1   7   15  15  2   -1  
118 -4  4   5   7   -3  -4  -11 1   
119 1   0   1   4   7   -19 -2  -1  
120 -5  -4  -4  -9  -18 -1  -8  -4  
121 5   3   3   3   11  -16 -3  -3  
122 0   -4  -3  3   3   -19 0   0   
123 -3  -1  -1  5   3   1   0   -1  
124 1   -3  -4  -2  -8  0   -5  -2  
125 -4  -3  0   0   -23 9   1   0   
126 -1  -2  -3  -5  -9  -13 -3  0   
127 6   1   3   -12 -60 -18 -1  0   
128 -1  -1  -5  -15 7   9   -5  -1  
129 -11 -1  3   9   14  3   -3  -3  
130 3   0   1   -2  -1  2   0   -1  
131 13  0   -6  -9  -3  -7  0   2   
132 10  4   3   9   8   1   -1  0   
133 -1  -2  0   4   6   2   0   0   
134 3   1   -2  -11 -13 -8  1   0   
135 0   0   3   12  6   7   -4  -6  
136 1   -2  0   -5  -9  -4  -2  -1  
137 -12 -1  -3  -1  9   -3  -1  -7  
138 3   -1  -1  -9  -11 -14 -11 -1  
139 -2  0   1   4   0   -3  1   0   
140 -2  -2  -1  0   4   6   3   -2  
141 5   -3  -5  -4  3   -13 -1  2   
142 7   5   6   8   19  0   2   -1  
143 -1  1   -2  15  23  -9  -1  2   
144 -8  1   2   2   -2  -1  0   -1  
145 1   -2  -4  -2  -15 -9  -2  -1  
146 -7  1   1   2   -19 17  1   2   
147 3   1   4   8   13  -26 -2  1   
148 2   1   -1  -5  -15 -6  -5  -1  
149 2   -2  -2  -7  -10 -5  -4  -2  
150 -5  -3  -4  -9  5   0   -1  -1  
151 -7  -6  -5  -6  -24 -23 -4  -5  
152 6   1   -4  -1  7   4   -1  1   
153 -2  0   1   7   11  10  0   0   
154 -1  -2  -3  5   14  0   -1  -2  
155 -8  -4  -1  -2  -11 -3  -1  -2  
156 6   1   1   7   0   -2  0   0   
157 0   -1  -1  -1  10  -2  0   0   
158 0   -1  1   0   -9  0   -4  1   
159 -14 -6  -3  -8  -15 -6  -2  -4  
160 6   2   3   9   20  -5  0   3   
161 -4  -6  -3  -3  -1  0   -2  -3  
162 0   2   1   -2  2   4   1   3   
163 -3  -2  1   4   3   10  -1  -2  
164 0   0   0   1   -11 -4  1   2   
165 -4  0   1   5   7   4   -3  -1  
166 1   -2  -3  -10 -39 -8  1   -1  
167 -2  2   1   0   2   7   0   0   
168 -5  -5  -4  -8  -1  5   0   -2  
169 -3  -4  -3  3   -3  -9  -2  -6  
170 3   2   2   5   4   4   -2  1   
171 2   1   -2  -1  0   -5  -2  -1  
172 6   -1  -4  -15 -23 2   -1  -1  
173 -1  1   2   6   27  2   1   2   
174 -1  2   -1  -2  12  -2  -1  1   
175 4   -1  2   4   12  0   -2  1   
176 -1  -1  -5  -2  -2  -4  -5  1   
177 4   1   1   3   11  -1  3   -1  
178 -1  4   4   2   1   -10 -3  -1  
179 1   1   3   1   -2  2   1   0   
180 0   -3  0   -8  -2  5   0   -1  
181 -2  1   0   0   11  2   -3  -1  
182 -1  -3  -5  -1  26  -2  -2  -2  
183 0   0   -1  -5  -5  6   -1  -2  
184 -4  -2  0   9   14  3   -1  -4  
185 -1  -2  -2  -3  0   3   -5  -1  
186 0   3   2   8   7   -2  -1  0   
187 -2  0   -3  -3  -2  -7  -2  -1  
188 -2  -2  0   7   -5  3   -4  -1  
189 -1  -3  -5  -4  -19 -7  -1  -1  
190 2   -1  0   -5  -10 4   -1  -2  
191 -3  -4  0   5   -10 -6  -2  -1  
192 0   1   -1  1   3   -4  3   -1  
193 -3  1   2   8   12  -14 0   -2  
194 0   0   0   0   -1  -7  -3  0   
195 1   -1  0   0   10  3   -2  1   
196 -1  1   2   0   -7  -1  -1  -1  
197 -2  -1  1   -5  -25 0   -1  0   
198 -2  -1  -1  1   2   0   2   -1  
199 0   0   -2  -9  -4  4   -4  -1  
200 -1  0   -4  0   -5  8   0   0   
201 0   -1  0   -2  -12 -14 -1  -1  
202 0   -1  -5  -14 -17 1   0   -1  
203 -1  -1  -3  -7  1   -8  -7  -1  
204 -1  1   1   2   6   -8  -6  0   
205 -1  0   1   1   0   -5  -6  -3  
206 0   1   0   1   0   7   8   2   
207 -2  -1  -2  -6  -7  -9  -5  -2  
208 -1  0   2   15  7   2   6   1   
209 2   -1  1   -7  -11 -12 -1  -1  
210 -3  -1  -4  -6  -9  -10 -4  -1  
211 1   2   1   11  2   14  -5  -1  
212 0   2   2   -5  -4  13  -4  -1  
213 -2  -1  -1  -4  -2  12  1   -1  
214 0   2   2   3   -2  -1  2   0   
215 -1  -2  2   11  14  4   -1  1   
216 -2  -3  -6  -10 -24 -17 -5  -2  
217 -3  -1  -1  2   -1  -8  -3  -2  
218 0   -2  -3  -12 8   8   -1  0   
219 -1  -3  0   -2  -6  -6  -1  -1  
220 -1  -2  -1  -1  -14 -15 -2  0   
221 2   0   -2  -13 -50 17  -2  -2  
222 -3  -1  0   1   7   -15 0   0   
223 -1  -1  -3  5   5   -12 2   1   
224 -2  -2  -4  -8  -8  -4  -3  -1  
225 -2  -1  0   1   -3  -14 -1  0   
226 -1  -4  -4  -2  4   -12 1   0   
227 -2  -2  -1  0   -4  6   0   -2  
228 -1  -3  0   -1  -10 -10 -1  -2  
229 0   0   0   -1  -14 -3  1   0   
230 -3  -3  -2  1   -4  -20 -4  0   
231 -1  -2  0   3   -10 2   -2  -1  
232 -1  -2  -1  -3  -5  17  1   0   
233 1   0   1   4   -4  12  -3  -2  
234 -1  -2  1   8   -3  -4  -2  -1  
235 1   1   1   0   0   -6  -1  -2  
236 1   0   -3  -10 2   -27 -2  1   
237 0   -1  -1  -2  2   0   2   -1  
238 3   1   3   0   0   -8  -3  0   
239 -3  -2  -1  0   -3  -10 -5  -1  
240 -2  -5  -3  -4  -8  -11 -1  0   
241 -3  -4  -4  -3  -10 -7  -1  -1  
242 0   -2  2   1   4   -3  3   1   
243 0   1   1   -1  -4  -24 -4  -2  
244 -2  -2  -5  -23 17  2   1   -2  
245 -3  -1  -4  -5  -5  3   -1  -1  
246 -2  -2  -4  -1  -10 11  4   0   
247 0   -2  -2  -9  -11 -1  -6  2   
248 -1  0   1   -3  -4  -19 -5  0   
249 -1  -3  -2  0   11  5   1   0   
250 -2  -3  -3  -11 -11 -8  -1  -1  
251 1   3   3   5   4   0   2   1   
252 -1  -1  1   2   -5  -3  -3  -1  
253 0   -5  -2  1   -3  -10 0   0   
254 0   0   0   4   6   10  0   -1  
255 0   -2  -4  -4  7   -1  -1  -2  
256 -2  0   -1  -1  -1  -8  -5  -1  
257 1   0   -2  -3  -1  6   -1  -1  
258 1   1   -7  -19 -13 -18 -4  -1  
259 0   -1  1   3   -9  -8  -3  -1  
260 -3  -4  -3  1   -8  11  -5  -2  
261 1   2   5   1   -4  -4  -3  2   
262 0   -1  -4  0   0   -2  -1  -2  
263 0   -1  -1  -3  -4  -1  -1  0   
264 1   0   0   0   0   7   5   0   
265 -1  -5  -5  -7  -3  -5  -1  -1  
266 1   2   1   0   -3  -6  0   0   
267 -1  3   2   2   -6  3   -2  -2  
268 -3  0   -1  3   1   -11 -2  -3  
269 0   -1  3   8   10  -5  3   -1  
270 -2  -2  -5  -6  0   9   0   -1  
271 0   -1  -2  14  -6  2   1   -1  
272 -1  -2  -3  1   4   -2  -3  -1  
273 1   3   4   4   2   3   1   -1  
274 -3  3   3   -1  0   0   -3  -1  
275 -1  -2  1   6   4   8   0   -1  
276 -2  -2  -3  1   0   5   -3  -1  
277 1   -2  1   0   5   6   1   1   
278 2   -1  1   3   3   10  0   -2  
279 -2  -3  -2  -4  1   -10 -3  -1  
280 -1  0   6   5   7   13  2   -1  
281 0   -1  0   2   4   25  0   0   
282 -1  0   1   7   3   -9  -2  -1  
283 -1  0   -2  2   2   -14 -4  1   
284 -1  0   0   -6  -1  -3  -1  0   
285 -2  -3  -5  -3  8   2   2   -2  
286 -1  1   0   0   -9  -7  -1  0   
287 -2  -4  -4  3   3   15  0   -4  
288 3   2   1   1   -3  -2  0   -1  
289 -2  -4  -3  3   -2  -8  -1  -1  
290 -1  0   -4  -11 -2  10  0   -1  
291 0   -1  -4  -3  4   -1  1   0   
292 0   2   1   -5  8   -7  -1  -1  
293 1   0   0   2   -10 -18 -3  -1  
294 0   -2  -5  -2  5   5   -2  -2  
295 -3  -3  -2  -6  -9  4   -3  -3  
296 0   1   1   -1  -13 0   0   0   
297 -14 -5  3   3   17  1   -2  -15 
298 4   0   0   -1  -4  6   0   -1  
299 4   0   -1  -1  -5  3   -1  5   
300 -1  -2  -2  -7  -14 1   -1  1   
301 15  4   3   5   4   -6  4   10  
302 21  6   4   7   3   -3  0   -3  
303 -11 -8  -4  0   4   -7  -6  -11 
304 -3  0   -3  -20 -41 15  -1  2   
305 5   2   -1  -4  -2  -15 1   -1  
306 -2  2   3   -1  -20 -8  2   0   
307 9   1   2   13  20  -2  -1  0   
308 -5  -4  -3  -3  6   -3  -1  -1  
309 2   -3  -6  -9  5   -1  1   2   
310 -5  -3  -4  -6  -7  -2  -2  -3  
311 1   0   1   4   5   -6  -1  -2  
312 2   2   0   3   -12 -10 1   2   
313 2   1   -2  3   23  -1  0   1   
314 -2  -1  1   2   -7  -3  0   0   
315 14  2   7   16  15  6   3   3   
316 -12 -4  -1  -15 -5  6   -6  -6  
317 -3  -2  -3  -4  -8  -6  -2  0   
318 5   3   4   1   -11 -3  3   3   
319 1   0   1   5   -2  -14 1   2   
320 -6  -2  -2  -5  -15 -3  -2  -2  
321 -3  -3  -2  -3  -11 6   1   -1  
322 2   -4  -3  0   1   -11 -3  0   
323 -5  -5  -2  -6  2   3   -1  -2  
324 -9  -1  -1  3   7   7   -3  -3  
325 -12 -3  1   2   5   7   1   -2  
326 7   3   1   0   -8  -16 1   4   
327 -12 -4  0   0   3   8   -3  -1  
328 5   -5  -5  -4  -20 5   -1  2   
329 4   2   3   4   -7  5   0   3   
330 -3  -6  -7  -6  -2  -12 -1  0   
331 3   0   0   3   -4  3   1   0   
332 -11 -8  -5  -3  10  -25 -6  -4  
333 3   1   3   -4  2   -3  0   1   
334 -2  -2  -7  -3  17  6   -1  -1  
335 -2  0   3   6   7   3   1   0   
336 -2  -6  -8  -11 -14 10  0   -4  
337 6   2   3   1   1   1   2   -1  
338 -1  1   1   2   -1  -2  -1  -1  
339 -2  -2  -2  3   10  21  0   -1  
340 -2  -2  -1  -3  10  11  -1  0   
341 -5  -2  0   -1  -4  -10 0   0   
342 2   2   0   3   -12 3   -2  -2  
343 -4  -1  -1  7   12  2   0   -2  
344 1   1   -4  -16 2   2   -1  0   
345 3   1   3   -4  -8  34  0   1   
346 -4  0   -1  1   12  4   2   0   
347 4   0   1   5   7   3   -3  -1  
348 -7  0   1   -3  -10 5   -7  -8  
349 0   -1  0   -5  9   -2  0   0   
350 -6  -2  -2  -1  2   -9  2   -2  
351 -3  1   2   0   5   5   2   0   
352 0   2   1   2   -1  16  -1  -1  
353 2   -1  0   3   -5  -2  1   -1  
354 3   1   1   -1  8   25  0   -1  
355 -1  -2  1   3   8   1   0   2   
356 1   1   2   3   -6  -10 -1  -1  
357 4   -1  0   -2  -10 -13 -4  -1  
358 2   -3  -2  1   6   -4  -2  -1  
359 -12 0   0   -1  -7  -1  13  -2  
360 4   3   4   -4  -9  0   -1  -1  
361 -13 -2  -1  0   7   -6  6   0   
362 -6  -7  -5  -19 -28 -22 -10 -7  
363 0   -3  0   -6  -30 -13 -13 -1  
364 2   -1  0   1   -14 -4  2   -2  
365 -1  -1  -2  5   4   22  2   0   
366 -3  0   0   -2  0   -1  1   -2  
367 4   -1  -4  -7  -9  -8  2   2   
368 7   -2  -1  5   7   -10 -11 -1  
369 13  -5  -4  5   -25 -2  5   -7  
370 7   -1  0   1   -17 -1  2   -1  
371 -8  -1  0   4   17  10  -5  0   
372 -7  -3  -3  -9  -24 -12 -2  -4  
373 1   -2  -3  2   7   -16 -4  -1  
374 -5  0   -2  5   -3  -3  -2  0   
375 2   0   0   2   22  -3  0   1   
376 -4  2   0   10  7   -10 0   1   
377 4   2   -1  -2  3   -32 -3  -3  
378 -2  2   2   2   0   7   0   0   
379 1   0   -3  2   -5  -15 -4  1   
380 -5  0   0   -1  -11 -9  -2  -2  
381 4   -2  1   -5  -3  5   -1  -2  
382 -4  0   -1  1   0   5   1   -36 
383 0   -3  -3  -4  -15 -12 0   14  
384 3   -2  1   4   6   3   2   2   
385 1   0   -2  4   7   6   -3  -2  
386 8   3   -1  -3  -8  3   1   2   
387 -3  1   3   -2  -15 -16 1   -5  
388 1   2   2   -6  -10 -9  -1  0   
389 0   1   -1  5   -2  -1  1   1   
390 2   -1  0   -3  0   -11 -1  1   
391 0   0   1   -1  -7  1   0   -2  
392 -3  -3  0   -1  -6  3   0   -3  
393 0   -3  -4  -7  -6  -4  -4  -1  
394 -3  -3  -3  -1  -5  19  0   -2  
395 0   0   4   1   2   16  2   -2  
396 -1  -1  -1  -2  12  1   0   0   
397 3   0   0   -3  -9  -10 3   3   
398 1   2   -1  -2  -2  -1  -2  -2  
399 2   -1  0   -14 -28 0   0   0   
400 -4  -1  -2  -8  -14 -3  -4  -1  
401 0   -2  -3  -13 -1  3   1   -1  
402 -1  -6  -5  -24 -23 4   2   1   
403 -1  -1  -1  1   7   -7  4   -1  
404 0   2   1   6   0   -13 -2  -1  
405 -2  -2  0   2   -2  -1  -2  0   
406 1   4   3   0   2   -14 -3  -3  
407 -3  -1  -4  -11 3   8   1   -2  
408 0   -2  0   0   1   -5  0   -1  
409 -2  -2  1   -1  -12 27  -3  0   
410 -1  1   2   -2  -2  4   -2  -3  
411 -2  -2  1   -5  6   -1  1   1   
412 1   1   -3  -8  -13 5   -3  2   
413 -2  -2  -4  -5  -21 -6  -4  -2  
414 0   -2  -2  6   -5  16  0   2   
415 -1  -1  1   -4  -2  -18 -1  -1  
416 1   -4  -4  -7  -2  -8  -2  0   
417 -1  1   -2  -1  8   2   2   2   
418 0   1   1   -2  -6  4   3   -2  
419 0   1   2   -6  -9  5   2   1   
420 0   -1  1   6   -3  -13 -2  0   
421 -1  -4  -1  -5  3   2   1   2   
422 -2  0   1   1   10  6   1   -2  
423 2   0   -1  4   -16 -11 -5  -1  
424 0   -1  -1  0   8   7   0   -1  
425 0   -3  -4  -6  -4  -3  -2  0   
426 2   2   0   -1  6   23  -1  -1  
427 -3  -3  -2  -5  -1  -7  -1  -1  
428 -2  -1  0   -3  -3  4   0   -1  
429 -2  -2  -3  3   -2  7   -1  1   
430 1   1   0   1   -4  10  -3  0   
431 -2  2   3   7   11  -7  5   2   
432 0   -1  -1  5   4   16  1   -1  
433 -2  -1  -1  1   6   -7  -3  0   
434 1   0   -1  11  11  -27 -2  -1  
435 1   0   4   5   10  19  0   0   
436 -2  -2  -4  0   -6  -21 -6  -1  
437 1   3   -1  -4  -3  -4  -1  1   
438 -1  -2  2   13  9   -2  0   -1  
439 -3  2   4   6   -9  -28 -2  -2  
440 -2  -3  -4  -1  -3  4   1   -1  
441 0   -2  1   -5  -7  -3  -1  0   
442 0   -2  -1  -2  -2  -14 -1  0   
443 0   -1  2   4   -5  2   0   1   
444 -3  1   0   0   -3  4   3   -1  
445 -2  -2  -5  -8  1   -4  0   0   
446 1   0   -1  -3  -1  -7  0   -1  
447 -1  0   -2  0   1   2   -1  0   
448 1   2   2   1   2   5   2   -1  
449 3   -1  -1  -2  0   -8  -2  0   
450 -4  -4  -4  3   7   5   -1  -2  
451 0   0   1   -1  -3  2   -2  0   
452 -4  -2  -1  1   0   -7  4   -3  
453 -1  0   -3  -3  3   4   0   -2  
454 -2  2   0   -5  3   2   5   1   
455 2   2   4   -1  2   1   -3  0   
456 2   2   4   1   0   4   3   2   
457 -1  -3  -2  -5  -2  22  0   -1  
458 -2  -1  -1  4   3   -3  -3  -2  
459 0   -1  -3  -5  -2  -5  -1  -2  
460 0   -4  -2  -3  -12 -4  -6  -2  
461 -3  -5  -2  -7  2   -4  -1  -1  
462 -4  -2  -2  0   -6  2   -2  -2  
463 -4  -3  -4  -2  -21 -5  2   -1  
464 1   -2  -4  -2  2   -9  2   0   
465 -1  0   -2  0   0   -10 -1  0   
466 -1  -2  -4  -2  -3  0   1   -3  
467 -2  -1  1   2   2   9   -3  -1  
468 1   0   -1  1   5   -12 6   1   
469 1   2   -2  -8  3   34  4   0   
470 -1  -4  -5  -12 -9  -3  0   -3  
471 -1  -2  -2  -2  -2  -8  0   -2  
472 -2  0   -2  0   -8  1   -3  -1  
473 2   2   3   -5  -6  3   -4  0   
474 0   4   4   0   0   -14 2   0   
475 0   -4  -5  -1  1   -23 1   -2  
476 0   -2  -3  -6  -3  -5  -2  -2  
477 -2  -3  -4  -2  -1  17  0   -2  
478 -4  1   0   -6  -7  -25 -4  -4  
479 -3  0   -1  7   10  20  0   0   
480 -1  0   0   -5  -3  -1  0   1   
481 2   1   0   -3  3   14  -5  1   
482 -4  -2  -4  -9  3   35  1   0   
483 -4  -3  -2  1   -6  -15 -1  -1  
484 0   -1  0   1   8   1   -3  -1  
485 3   -3  -2  -5  -5  1   0   -2  
486 -5  -4  -3  -1  -19 10  -7  -1  
487 4   1   -2  1   1   -9  5   1   
488 0   0   -2  -11 -5  -16 -3  -1  
489 1   2   0   7   5   -19 -4  -1  
490 3   1   1   2   10  8   6   1   
491 3   1   5   -1  12  2   -2  1   
492 -7  0   -3  0   0   -12 0   -2  
493 -2  -2  -7  -21 -53 -13 0   -1  
494 0   -2  -3  0   6   -20 7   3   
495 -12 -12 -7  -2  -5  27  -15 -16 
496 0   0   0   3   0   -15 -7  4   
497 -9  -5  2   11  2   -11 1   -6  
498 -22 -7  -5  2   -8  3   -10 -14 
499 5   -2  1   2   -21 4   3   3   
500 -4  0   -1  0   5   8   0   -2  
501 -5  0   3   4   -6  -6  -6  -1  
502 -7  -5  1   1   2   -3  -1  -6  
503 -3  -2  -2  -4  -1  9   -2  2   
504 -3  3   7   9   5   6   5   1   
505 -3  -1  -4  -10 -2  21  3   -4  
506 4   2   -2  0   -14 1   -5  3   
507 8   0   2   14  24  -4  3   4   
508 -6  1   2   4   4   -23 2   -2  
509 7   2   3   7   -2  12  -1  -2  
510 -5  -4  -7  -29 -47 6   -20 -2  
511 -6  -2  -3  -4  -1  -10 -6  -6  
512 1   -3  -1  4   6   109 2   0   
513 -3  -1  -3  -13 -44 -14 -1  -2  
514 8   7   6   10  5   -4  0   -1  
515 -3  -1  -3  -4  -8  4   -4  -1  
516 -7  -2  0   -4  1   -8  -1  -5  
517 -16 -6  -2  -2  -12 10  -4  3   
518 6   -2  -1  -2  6   5   -2  -1  
519 -4  3   -2  -9  -11 12  -2  -3  
520 -6  -5  0   -2  15  -7  -3  -3  
521 -1  -5  -4  -3  -3  -2  -3  0   
522 1   1   -1  -6  -16 -9  -1  0   
523 -6  -4  -1  -1  -5  0   1   -3  
524 -4  0   -7  -2  2   0   -1  -1  
525 -1  4   6   13  26  5   -1  -1  
526 -2  -5  -4  0   12  0   -2  0   
527 1   -2  -3  12  38  6   0   -1  
528 7   0   0   9   20  -6  3   2   
529 0   0   2   7   21  -3  -1  1   
530 3   -1  -1  6   26  4   2   2   
531 2   -2  -5  -8  -1  -14 -4  -4  
532 2   0   0   -3  -14 -22 -2  -1  
533 -11 -2  0   -2  -6  7   0   2   
534 -1  -1  -1  -4  10  2   1   0   
535 -16 -2  0   -3  -2  -6  -3  -4  
536 -2  0   1   0   4   3   3   1   
537 -2  -1  1   -6  -3  -25 -4  -2  
538 -1  0   -2  2   -28 -10 -1  -2  
539 0   -2  -1  -2  -9  1   -1  -2  
540 0   -4  -1  2   13  6   -2  -1  
541 3   -3  -3  0   2   -16 -2  -1  
542 4   3   2   -6  -40 14  3   2   
543 -1  -2  -4  -2  -21 -17 -5  -5  
544 -1  -2  -1  -4  -5  -8  -2  0   
545 10  3   1   0   4   3   -1  3   
546 0   0   1   -4  0   3   -2  0   
547 -1  -1  -1  6   3   22  1   1   
548 -1  -3  0   8   11  -4  -2  -3  
549 -1  0   -2  5   12  19  1   1   
550 -2  -3  1   4   -2  7   -1  1   
551 -5  -3  -4  -15 -8  -4  -3  -1  
552 5   -1  -5  -6  -11 7   0   0   
553 -3  -1  3   3   4   -10 0   -1  
554 -10 -2  -1  3   10  0   -2  -1  
555 -1  -3  -3  -1  11  12  1   -3  
556 2   -1  -2  -3  -6  -7  -2  -1  
557 3   3   3   7   19  -17 -1  -1  
558 1   2   5   7   8   3   0   1   
559 1   0   1   -3  -1  5   0   3   
560 -1  -2  -2  -2  8   -7  -2  -1  
561 3   2   1   2   6   -15 0   0   
562 2   3   -1  0   6   10  0   2   
563 -2  0   -1  2   11  -5  0   0   
564 -4  -6  -6  -33 -88 -16 -7  -4  
565 -11 -9  -5  -20 -44 -20 -4  -4  
566 -9  1   -7  -2  -2  -3  -1  -7  
567 -6  0   -3  -3  3   17  0   -1  
568 2   -1  -1  -5  4   2   -2  -2  
569 -1  -1  3   4   4   -5  -2  -5  
570 -6  -2  -3  4   14  -1  -1  -1  
571 0   1   -1  -8  -10 -12 -1  0   
572 3   -2  -2  -13 -16 -13 -4  0   
573 -9  -3  1   3   11  -10 -2  -4  
574 0   0   -3  -4  -4  -4  2   0   
575 7   -6  -11 -21 -49 -3  -4  -3  
576 -4  -2  -3  3   7   4   -1  0   
577 0   -4  -3  -2  -13 -3  0   1   
578 2   1   -1  2   13  7   -1  0   
579 3   0   0   -2  -1  1   -2  0   
580 11  0   -2  1   -11 -22 -4  2   
581 9   -4  -3  -4  0   -2  0   2   
582 0   -4  -3  2   2   -14 0   -2  
583 -7  -3  -2  0   12  -2  -2  -2  
584 -6  1   0   2   -5  -22 -1  0   
585 0   -1  -2  0   -17 12  -4  -3  
586 -2  -4  -2  -1  15  -23 -4  -3  
587 -1  -2  -3  1   7   8   -1  -2  
588 -1  0   -3  -11 -11 7   -1  3   
589 -2  2   2   1   -4  8   1   -5  
590 -1  0   -3  -1  -6  -1  -2  -3  
591 1   1   -2  -8  0   -11 -2  -2  
592 -2  -4  -6  -10 6   -10 0   -2  
593 -1  -1  -1  -1  -9  -16 -2  -1  
594 0   -1  2   6   7   3   0   -2  
595 -1  1   2   -8  -4  -10 0   -2  
596 -5  -5  -5  -11 27  -7  -2  -3  
597 1   -1  -4  -8  -52 -4  -1  1   
598 -1  -1  -2  -2  -42 0   -2  -2  
599 1   -2  -1  9   23  22  16  2   
600 0   2   0   2   1   26  1   0   
601 -1  -4  -5  -12 -1  -4  6   -1  
602 -2  -1  -4  -1  10  -15 1   -3  
603 -2  2   4   5   -1  4   -1  0   
604 0   -1  -6  -11 -30 -1  -3  0   
605 -1  -3  -4  -7  -19 10  2   1   
606 -2  -2  -3  -4  -4  -7  -7  -1  
607 -1  -4  -1  2   5   5   1   0   
608 -3  -8  -6  -8  -9  -3  -2  -2  
609 0   0   2   4   17  13  4   0   
610 -2  -1  1   2   5   -11 -4  -3  
611 0   0   -2  3   7   7   0   0   
612 0   -4  -1  3   -7  -5  0   1   
613 0   -4  -2  0   -1  1   -1  -2  
614 -1  1   1   2   -5  13  -1  1   
615 -1  -1  -3  -3  2   -2  6   1   
616 -1  0   0   -20 -17 -6  -2  -1  
617 -1  -2  -1  5   -5  -14 -5  0   
618 -2  -1  1   1   -15 -11 -6  -3  
619 -1  4   4   0   -1  -9  0   -2  
620 0   -4  -1  12  8   -9  1   0   
621 2   0   1   -8  -13 -9  -11 -2  
622 0   4   2   -2  -9  -8  -2  1   
623 2   3   0   -7  -1  -1  0   -1  
624 0   -1  -2  -4  11  9   -1  -2  
625 -3  -1  -1  0   -3  -9  -4  -1  
626 1   -5  -2  0   -4  -3  -2  0   
627 -1  -5  -3  -4  1   9   -2  0   
628 0   -1  -3  -5  -13 -11 -3  -1  
629 2   2   5   6   4   -6  -1  1   
630 -1  0   -1  -1  -4  -12 -1  0   
631 -2  -2  -1  5   13  -2  0   -3  
632 -2  -1  0   5   -1  -18 -3  -1  
633 0   -2  -3  -7  0   -7  -3  -1  
634 -1  -2  -1  -1  -2  -23 1   -1  
635 1   -1  -6  -1  -3  -6  -5  -1  
636 0   -2  -3  -4  1   -3  -2  -2  
637 -2  -2  -5  -3  4   -10 -2  -1  
638 0   -2  -4  -6  -15 -10 -1  0   
639 -1  0   -2  -7  -11 -5  -3  -2  
640 1   2   2   2   9   9   -1  1   
641 0   -1  -5  -21 -9  7   2   -1  
642 1   -3  -2  0   1   7   0   -2  
643 0   0   3   0   0   -2  -2  -3  
644 -2  0   1   7   -3  -12 -1  -1  
645 -2  -2  0   -8  -12 1   -3  -1  
646 -1  1   1   1   -1  3   -2  -2  
647 -2  -3  -2  -3  -7  7   0   -1  
648 1   2   0   -1  -9  11  1   1   
649 -1  -4  -2  -3  3   8   -2  -2  
650 -2  -2  -1  -3  -7  4   0   -1  
651 -4  -1  -4  -2  -18 -10 -3  -4  
652 -2  1   -2  2   3   7   1   -2  
653 -1  -1  -3  2   -1  13  0   1   
654 1   1   3   5   2   -5  0   0   
655 2   0   1   1   -2  0   0   0   
656 -1  0   -1  1   6   11  1   -2  
657 1   1   -1  -5  -21 -6  -3  -1  
658 0   -2  0   1   -6  -25 -3  -2  
659 1   0   0   3   7   3   -1  1   
660 -2  -1  0   -1  -7  -11 -1  -2  
661 0   1   0   -4  -9  1   0   -2  
662 1   3   2   -1  1   1   1   0   
663 -1  -2  -4  -5  -16 -2  -2  0   
664 -2  -1  -4  -10 -1  -13 -2  -2  
665 -1  -1  -1  -1  2   5   -2  0   
666 0   4   8   7   11  -5  -2  -2  
667 -1  2   -1  3   0   -9  -1  -1  
668 2   0   -2  8   -8  -14 -6  -1  
669 1   1   -3  -2  -1  7   -1  -2  
670 -1  -3  -2  1   -7  -8  -1  -1  
671 -2  -2  -1  6   0   -14 -2  -1  
672 0   -1  -1  2   2   -6  -3  -1  
673 -1  0   0   -2  -6  -14 -2  1   
674 0   -1  0   2   1   7   0   -1  
675 -2  -3  -1  9   7   1   -1  -1  
676 0   0   1   1   -6  0   -1  -1  
677 -1  -3  -1  1   1   4   2   1   
678 -1  1   -1  6   5   8   -2  1   
679 1   -1  0   2   1   -4  -4  -1  
680 -4  -3  -2  -4  7   13  -1  -2  
681 1   2   2   -2  1   -3  1   -1  
682 -1  -2  -3  -3  -17 -16 -2  -2  
683 -1  -1  3   2   9   -6  -3  -3  
684 -1  -4  -5  3   0   -5  0   -1  
685 -5  0   4   -7  -28 -5  -2  -6  
686 1   2   0   -2  -3  -1  -1  -3  
687 3   -1  -5  -3  1   -9  -1  -1  
688 2   4   0   1   5   2   0   -4  
689 -2  -4  -5  -14 -10 6   -1  -1  
690 -5  -5  -2  -1  5   1   -1  -2  
691 -6  -5  -4  -7  -8  -2  -1  -1  
692 -3  -3  -3  -9  -20 -11 -3  -4  
693 8   -1  -4  -11 -9  -13 -4  0   
694 -2  1   2   1   13  -15 0   -2  
695 1   0   1   4   0   11  0   0   
696 3   1   0   1   -1  -4  0   1   
697 2   -1  -5  -2  -6  6   -3  -2  
698 1   -1  -2  8   15  3   -1  1   
699 1   0   0   -2  -18 -10 -3  -3  
700 0   -3  -3  0   -4  -3  -2  -1  
701 1   1   3   8   11  -1  0   0   
702 -1  -4  -5  -8  -8  3   -3  0   
703 -1  -1  2   -1  -3  -1  0   -2  
704 -1  1   -6  -14 10  -14 -2  1   
705 -3  -3  1   12  30  -2  0   -4  
706 2   1   -2  -10 -40 -3  -2  1   
707 -1  -4  -4  0   -9  -4  -2  -1  
708 -3  1   -1  -4  -14 -5  0   1   
709 -3  -2  -4  -10 -8  -11 -3  -2  
710 3   4   0   1   7   11  0   1   
711 2   0   0   1   0   7   -1  -1  
712 -4  0   1   4   3   -5  1   0   
713 2   5   4   9   9   -3  0   2   
714 -1  -1  2   5   9   23  1   -1  
715 0   0   -2  -4  13  0   2   1   
716 6   0   -3  -3  -19 -8  -3  -3  
717 3   0   1   8   20  -6  0   3   
718 -2  3   5   4   17  15  1   1   
719 3   3   3   3   -7  -3  -2  0   
720 -2  -3  0   2   21  -33 -2  -4  
721 -4  -1  -4  -18 -27 4   -1  0   
722 -2  2   2   0   -20 -6  -1  -2  
723 -14 -4  -3  -4  -8  -7  -3  -4  
724 1   -3  -2  -1  16  -11 -2  0   
725 -4  -2  -5  -13 -19 -9  -2  -2  
726 1   0   -1  -1  -3  -10 -5  -1  
727 -2  0   -2  -6  13  -5  0   1   
728 -1  -4  0   -6  -7  -9  2   -2  
729 1   -2  -3  1   0   -10 -3  4   
730 2   -1  -1  -1  0   -13 -1  -1  
731 -2  -1  -2  1   2   -7  0   -2  
732 1   3   1   1   8   7   -1  -3  
733 5   4   2   8   1   2   0   3   
734 -3  0   1   2   3   -3  -1  -3  
735 0   -3  -3  -10 -21 -32 -3  -2  
736 2   1   0   10  4   -8  3   2   
737 -1  -4  -4  0   -1  0   -3  2   
738 -1  0   -3  -5  5   -3  -3  1   
739 -2  -1  1   1   1   -4  0   -3  
740 -4  -1  -4  -3  -9  0   0   -1  
741 -1  1   -4  -12 -19 -7  -1  -1  
742 -1  1   4   13  9   11  0   0   
743 -5  -1  -2  0   4   -11 -2  1   
744 0   -2  -5  -31 -35 -20 -2  -2  
745 -6  -7  -4  -5  -10 1   -1  -3  
746 -7  -6  -7  -8  -29 12  -4  -7  
747 -1  4   3   13  25  -9  6   4   
748 -2  -3  -5  -10 -2  58  0   -3  
749 -2  1   3   -1  -31 -22 -2  -5  
750 -8  -4  4   8   3   -6  -3  -6  
751 -2  -3  -4  -7  -7  -6  -7  1   
752 9   5   3   5   15  -15 5   3   
753 -2  -6  -5  -11 -5  18  -3  -2  
754 -1  3   3   7   2   -4  -2  -2  
755 5   -3  0   -4  -25 -6  0   1   
756 3   -2  -4  -8  0   7   -12 11  
757 2   -1  -2  2   4   -17 1   -5  
758 -12 -3  -5  -15 -16 -5  -1  -4  
759 13  -6  -8  -7  -3  -6  1   -3  
760 -3  2   1   8   7   2   1   1   
761 -4  -2  -4  -4  -8  -6  -8  -1  
762 -6  -4  1   -1  -11 -3  -13 -7  
763 8   -2  0   7   7   5   1   0   
764 13  3   2   2   -2  -4  -1  3   
765 0   -2  -5  -7  -11 22  4   -3  
766 -5  -5  -1  -4  -3  5   -1  -2  
767 1   5   4   9   9   0   11  3   
768 2   2   2   7   4   -3  3   1   
769 4   0   2   0   4   1   -2  -1  
770 -5  -4  1   2   -13 1   -1  1   
771 2   -3  0   0   4   -2  1   2   
772 -1  0   -2  -8  -5  -6  -2  -1  
773 2   2   -3  1   -4  1   0   0   
774 -2  -3  -3  1   15  2   0   2   
775 -4  -1  -2  0   5   8   6   -3  
776 -11 -6  -7  8   6   -9  -6  -8  
777 2   -1  4   17  3   13  3   3   
778 -2  -1  -2  0   1   -12 0   -1  
779 1   0   -3  -13 -24 -2  1   1   
780 -4  -14 -1  13  10  -1  -3  -1  
781 0   1   -3  -9  -16 -16 -1  -1  
782 0   0   1   -1  -5  -7  -5  0   
783 -2  -2  0   -1  -8  -18 -15 -1  
784 0   -1  0   12  0   -1  1   -1  
785 -1  1   3   4   5   1   0   -1  
786 -4  -1  0   -27 -9  3   -1  1   
787 -2  -2  1   14  0   5   5   -1  
788 2   1   4   7   8   -1  -1  -1  
789 -2  1   -1  9   24  -2  -2  1   
790 -4  1   0   1   -1  -2  -2  -2  
791 -3  -1  -1  -7  -2  -5  -2  -2  
792 -2  2   7   9   6   4   -4  -1  
793 3   1   -2  2   -7  10  -1  5   
794 -3  -4  1   16  11  13  -1  -3  
795 2   -1  -2  3   -10 -5  0   -1  
796 -2  0   -4  1   13  -12 -1  0   
797 0   -1  1   2   -15 -11 0   0   
798 -3  -2  1   1   28  2   -1  -1  
799 1   -1  -1  2   -6  18  -3  -1  
800 -2  -3  -3  5   1   -12 -3  -1  
801 -1  -1  -2  3   4   -4  -2  0   
802 -1  2   2   -2  0   1   0   -1  
803 0   0   1   6   2   -2  -2  -1  
804 0   -2  -2  -7  -3  -8  -3  -3  
805 -3  -1  -6  -5  -6  42  1   0   
806 -1  1   -2  -2  -1  15  1   0   
807 -1  -1  -1  12  12  3   -3  -1  
808 -4  -6  -7  -11 -1  -10 -4  -3  
809 -1  0   0   -2  12  -2  -4  -1  
810 1   0   -1  -2  -4  1   2   0   
811 0   -4  -3  -1  -3  -7  1   -1  
812 0   -1  0   4   4   -17 -2  -1  
813 2   6   7   8   8   2   -1  -3  
814 -1  -3  -4  -1  4   -11 -1  -1  
815 -1  -2  -1  5   7   0   -1  -1  
816 -2  -1  -2  -2  5   8   -5  -3  
817 -2  -4  -2  -4  2   3   1   -2  
818 -1  -1  -1  0   -4  -8  -5  -1  
819 -3  -4  -5  -7  -9  3   -1  0   
820 -2  -1  -3  0   3   2   -1  1   
821 -2  -2  -3  -6  7   5   1   -1  
822 -1  -6  -7  3   2   2   2   0   
823 0   3   5   10  -2  -11 -3  -4  
824 -4  -3  -3  12  3   7   3   -3  
825 -1  -2  2   2   21  5   3   -1  
826 0   1   -3  -16 0   -15 -1  0   
827 0   -2  -2  -1  -1  28  2   -2  
828 1   5   5   -10 -23 -12 -9  -3  
829 -1  1   0   0   -5  14  0   0   
830 -2  -3  -3  -7  3   4   1   1   
831 -3  0   -2  -2  1   -10 0   0   
832 -2  -4  -3  -2  -7  -8  0   1   
833 -3  0   2   7   -2  -13 0   0   
834 4   8   6   -6  -14 14  -5  -1  
835 -1  2   3   6   -8  -3  1   1   
836 -1  -3  -3  -4  3   -1  -1  0   
837 -2  -6  -10 -19 -10 -9  -4  -2  
838 -1  1   6   7   12  -12 -2  1   
839 1   -3  0   3   1   -4  -1  -4  
840 1   -1  -2  3   17  10  -2  -1  
841 -3  -1  -4  -5  4   -10 0   -2  
842 1   1   5   3   9   0   -1  -1  
843 -1  -1  -3  3   1   -1  0   -1  
844 -4  -2  1   2   -1  -14 1   0   
845 2   1   4   3   8   18  2   0   
846 2   0   -1  -6  -22 -13 -5  -2  
847 1   2   5   4   1   -3  0   -1  
848 1   3   8   2   -13 -3  0   -2  
849 1   1   -1  -10 3   4   -3  1   
850 -2  -3  0   6   -3  6   -1  -1  
851 -5  1   -1  -2  -4  -6  -5  -2  
852 -2  -5  -3  5   1   -20 -4  1   
853 2   1   -2  -1  0   -9  1   2   
854 0   0   1   1   0   -3  1   -2  
855 0   1   2   -4  7   -26 -1  0   
856 -1  -3  -1  13  4   -10 -4  0   
857 -1  -1  2   2   -3  11  -1  -1  
858 -1  -2  -1  1   -6  2   -1  -2  
859 0   -3  -4  4   0   -3  -1  0   
860 1   -1  0   -3  -6  -5  1   0   
861 -3  -4  -6  -5  -4  -18 -2  -4  
862 0   -1  -3  -8  -11 -13 -1  -2  
863 -1  -4  -5  -4  -8  -9  -4  0   
864 1   -1  1   -2  5   -4  2   0   
865 2   -2  -2  -4  -13 -2  -2  0   
866 -3  -5  -7  -11 -22 6   0   -1  
867 1   -1  1   3   -5  -19 0   0   
868 -1  -1  -3  -13 -19 2   -1  0   
869 -2  -2  -3  -4  -19 9   -1  0   
870 -1  -1  -1  0   3   -8  -2  0   
871 0   0   -2  5   2   -21 -4  -3  
872 -12 -6  -4  5   11  3   -3  -7  
873 9   7   6   7   8   5   2   7   
874 -14 -9  -4  -8  -9  -10 -4  -8  
875 -9  -6  -4  -10 -5  -8  -4  -9  
876 -8  -7  -9  -4  -5  4   0   -5  
877 9   3   3   3   6   1   3   10  
878 -3  -1  3   -8  -20 -2  -2  -5  
879 -3  2   1   1   1   3   -2  -6  
880 -3  -2  -3  -4  21  -9  -4  -1  
881 7   3   3   9   -2  8   2   1   
882 -3  2   2   4   6   4   1   0   
883 5   2   4   5   9   -6  -2  0   
884 8   5   2   4   6   28  2   7   
885 -1  -5  -6  -17 -51 -5  -2  -2  
886 8   -2  1   5   7   1   -3  0   
887 3   -2  -2  3   -4  3   1   3   
888 6   -5  -5  7   -1  8   -1  -5  
889 3   -2  2   11  7   -1  -1  2   
890 -2  2   5   2   12  -5  -3  -3  
891 -7  -4  -4  -2  -3  4   -3  -5  
892 4   1   -3  -2  -9  -4  2   7   
893 -1  -3  -3  -13 -13 29  0   -3  
894 -4  3   6   6   -6  24  -1  -2  
895 2   5   9   5   6   -4  0   1   
896 2   0   -4  -10 -13 -8  0   1   
897 4   -3  -4  -11 -43 -17 -5  1   
898 -1  2   5   11  15  6   1   1   
899 6   -1  -3  -6  19  0   3   4   
900 2   1   0   0   -11 -2  -3  -2  
901 0   5   2   -1  -6  8   0   -2  
902 -2  -1  -2  0   1   4   -2  1   
903 2   0   0   -5  -19 -5  -1  0   
904 2   -1  -3  -4  -12 7   0   1   
905 -6  -2  -4  -16 3   11  -2  -3  
906 -1  -3  -1  10  -7  0   0   1   
907 -7  -3  1   2   12  3   -2  -7  
908 1   1   6   12  13  -2  1   -2  
909 3   -2  -1  -2  -1  1   2   7   
910 -1  -4  -6  1   2   -2  -1  0   
911 0   3   7   7   11  10  1   -2  
912 -4  -2  0   11  30  12  0   -4  
913 3   6   9   11  10  9   2   4   
914 4   0   -2  1   -16 3   -2  2   
915 1   3   7   8   18  3   0   0   
916 -5  1   3   10  1   10  1   -4  
917 -6  -5  -6  -2  5   0   -3  -6  
918 -5  -5  -2  9   -11 8   0   0   
919 1   0   -3  5   11  8   0   0   
920 -7  -8  -2  1   5   11  -1  -3  
921 7   2   2   4   -6  -8  -1  8   
922 1   0   0   2   9   0   0   1   
923 -1  0   1   9   4   10  1   -1  
924 10  2   -1  -1  -8  4   -1  8   
925 0   2   0   -2  -14 2   0   -2  
926 -8  -3  3   11  18  13  -1  -8  
927 -8  -9  -11 -29 -15 -20 -3  -6  
928 -7  1   0   -17 6   -21 -5  -6  
929 -4  -2  -1  -4  17  9   -2  1   
930 -13 -6  -1  -10 -21 34  -3  -14 
931 -7  -6  -7  -4  1   -4  -5  -11 
932 5   0   -2  3   -1  -5  -1  4   
933 -2  -4  -2  -2  10  7   -2  -1  
934 1   1   1   -12 -22 1   0   1   
935 3   1   3   3   -2  -1  -1  1   
936 3   2   -3  -3  11  6   2   1   
937 5   2   0   4   -5  10  1   5   
938 3   2   -1  -3  -1  -4  0   2   
939 2   1   0   3   2   -6  -1  3   
940 5   3   0   -4  -11 -2  -3  -1  
941 -7  -5  -5  -4  3   14  -5  -5  
942 4   4   1   3   5   -7  -2  2   
943 6   4   2   11  20  3   3   3   
944 3   1   3   0   7   4   -1  3   
945 -2  -4  -6  -12 -13 -3  -2  -3  
946 -1  -1  0   2   8   2   2   -1  
947 -2  0   -2  -9  -12 -1  -1  -3  
948 0   1   -1  0   6   -7  0   0   
949 2   -1  -1  -1  -4  6   0   -1  
950 0   -2  -3  4   -1  -6  1   1   
951 3   1   1   -1  -7  0   2   4   
952 -4  -1  -4  -15 -13 -1  -3  -3  
953 -7  -6  -4  9   7   -3  -4  -5  
954 -2  -2  -7  -14 2   -7  -3  -5  
955 0   2   2   3   8   -6  0   -4  
956 -5  0   0   -12 -12 5   -1  -2  
957 -2  -3  -4  -12 3   -5  -2  -1  
958 0   -3  -3  -1  -3  -1  -5  -1  
959 6   3   1   -8  -29 -1  0   2   
960 -1  0   -1  3   17  -1  2   0   
961 -3  -4  -5  -6  -6  -3  -1  0   
962 2   0   -1  5   1   -1  0   0   
963 -9  -6  -2  4   8   -13 -4  -6  
964 -1  -3  1   10  0   -2  -1  1   
965 -4  -3  -2  1   5   8   0   -3  
966 -1  0   0   2   0   0   2   0   
967 1   -2  -8  -26 -15 1   -2  -1  
968 -3  -2  3   19  17  19  -1  -1  
969 -2  -6  -10 -11 9   -14 -6  -3  
970 -2  0   0   -11 -11 9   1   -1  
971 0   1   -1  -3  -22 -18 -1  0   
972 -3  0   5   7   9   1   0   -1  
973 2   3   2   4   18  -6  -1  -2  
974 0   -4  -1  7   -1  1   1   0   
975 -1  -2  -3  6   17  6   -2  -1  
976 0   2   2   9   0   -10 -1  0   
977 0   0   1   11  -7  -6  1   1   
978 -2  -5  -5  2   5   -3  -1  0   
979 -2  -2  -3  -5  0   -2  -1  -1  
980 0   0   3   -3  -11 -10 -1  0   
981 1   4   4   7   13  2   -2  -1  
982 0   -1  -2  2   1   3   0   0   
983 -2  0   7   18  27  13  2   0   
984 -2  -6  -8  -9  3   9   -1  0   
985 -1  -4  -5  3   -1  4   0   0   
986 -3  -5  -7  -5  -7  -4  -1  -1  
987 -2  -3  0   0   -8  -8  -2  -1  
988 -2  0   -2  4   -14 -1  -1  -2  
989 2   -2  -3  -2  -3  4   -1  -1  
990 0   -1  1   3   9   6   2   0   
991 1   2   2   -12 -16 -19 -2  -1  
992 0   -1  2   1   8   3   -2  0   
993 -1  -2  2   2   -5  12  2   -1  
994 -1  -3  -4  -23 -38 -12 -2  0   
995 -3  -6  -6  -4  -9  -1  -2  -3  
996 0   0   3   4   4   0   0   0   
997 -1  -2  -5  1   5   1   1   0   
998 -1  -2  -4  8   9   0   3   2   
999 -1  2   2   5   -7  -7  -1  -1  
1000 -1 