
1 0   0   0   0   0   0   0   0   
2 0   0   0   0   0   0   0   0   
3 0   0   0   0   0   0   0   0   
4 0   0   0   0   0   0   0   0   
5 0   0   0   0   0   0   0   0   
6 2   0   -2  7   3   12  2   -2  
7 1   -1  -4  -1  0   1   -2  -2  
8 2   1   3   3   -3  -2  -1  -2  
9 2   6   7   9   -6  -2  2   1   
10 1   0   -1  -2  2   -10 0   -1  
11 -2  2   -1  -7  -3  -4  -1  -1  
12 -1  0   2   1   4   11  7   0   
13 0   -4  -5  -6  -9  -6  -1  -2  
14 -1  0   -1  4   3   -4  -1  -2  
15 -2  -2  -1  -1  3   21  2   0   
16 -1  1   -3  5   2   -5  1   0   
17 0   1   -2  1   -2  7   1   -1  
18 -2  -2  1   5   6   -3  -2  -2  
19 -2  -1  0   -7  -17 -5  -4  -1  
20 -1  1   0   6   -2  -2  1   1   
21 -3  -5  -2  4   -9  -28 -2  -1  
22 -3  -1  -2  -3  2   -7  -1  -3  
23 -2  0   1   1   1   4   0   -1  
24 -1  -2  -2  16  4   -9  0   -1  
25 -1  -3  -3  -7  -5  1   0   -3  
26 0   -3  -2  7   7   4   -2  -3  
27 -3  0   -3  -13 -3  -2  -2  -2  
28 0   0   1   -8  -6  -8  -4  0   
29 -1  -2  -2  8   2   -13 -5  -3  
30 -1  0   0   1   4   -1  0   0   
31 1   -1  -3  -10 0   0   0   -2  
32 0   -1  1   5   2   -2  0   -1  
33 -2  -4  -2  -3  -2  -1  1   -1  
34 -1  -2  1   1   -2  0   2   -1  
35 0   0   2   4   -6  -3  1   2   
36 -1  -1  -5  -7  -4  1   3   -1  
37 0   0   1   5   -5  9   1   0   
38 1   -2  3   6   9   11  -4  -1  
39 0   2   1   -7  -4  3   -2  0   
40 -2  -2  0   -5  -12 -3  -3  -2  
41 1   2   -2  -3  -2  4   4   -1  
42 0   -1  1   8   0   4   -6  -1  
43 1   0   -1  0   4   0   -6  0   
44 -1  1   5   20  -2  -3  2   1   
45 -2  0   -3  -4  5   -6  0   -1  
46 -1  -2  -4  -10 -5  -1  -1  1   
47 -3  2   0   1   1   -4  -1  0   
48 -1  -3  -4  -11 -7  -15 -6  -1  
49 -1  -4  1   4   6   0   -1  -1  
50 1   0   0   -2  -2  7   1   -2  
51 0   -2  -4  -9  6   2   -1  0   
52 0   -3  -4  8   0   1   0   1   
53 0   1   3   8   -2  0   0   -1  
54 -2  -1  2   0   -2  -4  -1  -1  
55 -1  -1  -3  -4  -1  4   -3  -1  
56 -2  1   6   4   -3  0   -2  -1  
57 0   3   -1  -5  -6  -12 -3  -1  
58 -3  -1  2   -15 -4  2   2   -2  
59 0   -3  -4  1   -3  -3  0   0   
60 1   -2  -4  -9  -2  2   0   -1  
61 0   -1  1   3   -3  -5  1   1   
62 -1  -1  0   -1  0   -3  1   -1  
63 2   1   3   -3  -3  -2  -1  -1  
64 -1  0   0   -3  1   12  3   0   
65 -4  -3  -6  -2  -2  2   1   -1  
66 -2  -1  1   0   -4  3   1   0   
67 -1  -3  -6  -3  2   -13 -7  -1  
68 -1  0   1   -2  -1  -4  0   -2  
69 0   -1  -2  3   2   0   0   0   
70 0   -2  -3  -7  6   15  -1  -1  
71 -2  -3  -2  4   -3  -6  -1  -1  
72 -1  0   2   10  7   0   -2  -1  
73 -1  -2  0   -8  -1  0   -1  -1  
74 -2  -3  -3  5   -1  6   0   -1  
75 -1  0   0   -12 -4  1   0   1   
76 -1  -3  -3  -3  4   -8  0   -1  
77 1   1   -2  -5  8   -14 -1  -2  
78 -2  -3  -2  1   0   0   0   -1  
79 1   0   4   3   -10 -10 -3  -1  
80 -2  -1  -1  1   0   -1  -1  -2  
81 2   1   0   -1  -2  4   -3  0   
82 -3  -2  0   -2  3   -3  0   -3  
83 0   -1  1   -1  -1  -4  -1  1   
84 -1  -3  1   -4  2   -3  -2  -2  
85 0   1   3   8   14  4   0   -3  
86 1   -1  -3  4   10  6   -3  7   
87 1   2   3   -8  -4  -5  -1  2   
88 0   -5  -5  -3  -4  -5  2   -4  
89 16  3   2   1   -3  -1  8   45  
90 -18 -7  -4  6   5   -2  -8  42  
91 -5  -2  -1  20  28  5   3   32  
92 -33 -7  -4  -13 0   -5  -14 -117
93 12  2   0   6   -6  -7  -3  8   
94 5   3   2   -8  -3  0   1   12  
95 -13 -4  -4  -8  -6  -9  -1  -22 
96 7   -1  1   7   2   5   1   13  
97 0   3   -1  2   4   2   1   15  
98 -3  0   3   -3  -12 -1  -3  -2  
99 0   -1  -5  -9  5   10  2   1   
100 -2  -1  -2  -9  -8  -5  -8  -30 
101 6   -3  -4  4   -8  -5  0   3   
102 -4  -4  -9  -22 -10 -6  -2  -2  
103 0   1   0   -1  -4  -5  0   -2  
104 3   -1  -5  9   9   3   1   3   
105 0   2   2   1   1   9   2   5   
106 -5  -6  -10 -11 -7  9   3   5   
107 -2  1   5   6   -1  -2  0   -2  
108 -1  2   5   7   3   1   0   -7  
109 -4  -1  -2  -17 -2  8   -3  -2  
110 -2  -1  -1  6   1   -5  1   -7  
111 10  0   -2  -6  -14 16  1   11  
112 1   2   4   4   6   14  -2  0   
113 -2  0   2   1   -7  -6  -2  -7  
114 -12 -3  4   16  8   2   1   -3  
115 7   -1  -2  -1  7   4   1   18  
116 9   -2  -2  -1  -2  -3  3   14  
117 1   -2  -3  7   -11 6   1   -3  
118 -4  -2  -2  4   2   -3  -3  -3  
119 -1  -4  -3  -5  2   8   -1  2   
120 -12 -1  0   6   4   -2  -5  -16 
121 -5  0   0   -3  -6  3   -1  -6  
122 6   1   -2  -4  -5  -2  0   7   
123 5   -4  -7  -2  -5  -5  0   6   
124 -8  -1  0   -3  -7  -1  -4  -13 
125 1   0   -5  -22 0   0   1   2   
126 11  0   -1  3   5   5   1   22  
127 -2  -3  1   8   3   3   -2  -17 
128 -2  0   -3  -6  -10 13  -1  -5  
129 0   -1  -2  -7  10  1   0   -5  
130 -13 -2  2   9   0   1   -2  0   
131 -11 -5  -2  5   -8  -1  -6  -37 
132 6   -2  0   -2  -2  -2  2   15  
133 3   -1  -1  -2  -1  -5  1   11  
134 -4  1   -4  -1  2   3   -1  -17 
135 -6  -1  1   6   11  5   -1  9   
136 4   0   1   10  3   6   0   -5  
137 0   -3  -3  -10 -13 -2  -1  4   
138 -4  -1  -6  -10 -10 -5  0   5   
139 -1  1   1   5   -2  -3  -1  8   
140 -4  2   7   5   10  -3  -2  -7  
141 3   -5  -4  7   4   7   2   -5  
142 -11 2   4   10  4   6   0   5   
143 1   -1  -3  1   -5  -13 -3  -20 
144 -4  -3  -1  23  7   4   -4  -10 
145 -4  -2  0   15  11  14  1   9   
146 -2  1   0   2   4   -5  0   3   
147 9   1   -5  -24 -14 -16 -1  7   
148 -7  -3  -2  7   8   -1  3   -4  
149 0   -1  -1  7   -4  -1  -7  -22 
150 9   0   -2  -1  -3  -7  3   11  
151 -4  -1  -4  -10 1   10  0   -6  
152 -12 -3  -3  8   9   -6  -7  -43 
153 1   1   2   3   8   -4  0   12  
154 1   -5  -6  3   6   -4  -2  0   
155 -2  1   5   15  -1  -2  -6  -36 
156 -14 -3  -7  -27 -11 3   -2  -20 
157 1   -2  -2  7   9   -6  3   -11 
158 5   -1  -1  -19 -14 3   -2  -11 
159 -2  -2  -2  9   7   -6  -1  -9  
160 -1  -2  1   21  27  -9  1   -4  
161 -6  -1  -2  -2  -5  17  -2  -15 
162 10  2   -6  -7  -13 3   1   12  
163 -7  -4  1   15  23  0   2   1   
164 -17 -2  -3  -6  -7  -17 -4  -21 
165 1   -4  1   7   0   -2  0   3   
166 -2  3   -1  10  14  4   1   -11 
167 -15 -7  -7  -3  -1  -2  -5  -3  
168 3   -4  -2  6   0   0   2   19  
169 0   1   1   -3  -5  -2  -2  -12 
170 -2  1   1   0   11  5   5   9   
171 -16 -3  0   -7  -9  -15 -7  8   
172 2   1   1   -1  -7  0   0   -4  
173 -7  3   3   -19 -12 6   0   -37 
174 3   -2  -4  -3  -10 0   3   -12 
175 -14 -6  -3  5   2   -1  -6  -11 
176 6   1   -1  -1  -7  -6  1   2   
177 4   -1  -2  2   -1  3   0   1   
178 1   0   2   3   2   4   1   3   
179 -1  2   2   12  12  1   -4  -1  
180 -1  0   0   5   4   2   0   0   
181 -2  1   4   8   9   22  2   1   
182 -3  -1  1   2   -2  -4  0   1   
183 -1  1   1   3   19  3   0   0   
184 1   0   2   3   -5  -12 -2  -1  
185 -2  -2  -6  -13 -10 -9  -4  -3  
186 -2  -3  -3  1   -2  5   -1  0   
187 -1  1   -1  7   0   -2  -1  1   
188 0   0   2   2   -2  -4  -1  -1  
189 -2  -5  -6  -2  -4  20  -1  -2  
190 -2  -1  -6  -15 -31 -7  -2  -1  
191 -2  -1  -1  7   10  2   2   1   
192 0   -2  -4  8   3   9   1   0   
193 -1  -6  -4  -2  -3  -2  -2  -2  
194 -2  -1  0   1   -11 -14 -2  -1  
195 -1  -1  3   -15 -28 -2  -3  0   
196 -1  -1  -1  0   5   7   -1  -2  
197 -1  -4  -1  7   6   -3  0   0   
198 -1  -2  0   -1  -15 22  0   0   
199 -1  2   1   -6  12  0   1   1   
200 1   1   -1  -3  10  3   -1  0   
201 -3  -6  -7  4   7   -1  1   0   
202 0   -1  -2  -4  -10 9   2   -1  
203 0   4   1   -15 0   -1  0   0   
204 2   -1  -2  0   -7  -4  -1  -2  
205 -2  -2  -1  -4  -1  -2  -1  0   
206 -1  -1  -6  -5  -10 5   1   -1  
207 0   2   1   -7  -3  0   -1  0   
208 -2  -1  -1  5   -1  -3  0   -2  
209 -2  0   -2  -5  -7  -15 -4  -3  
210 -3  0   0   5   -3  3   -1  -2  
211 -1  -1  -4  -2  6   -1  0   0   
212 0   -1  -5  -14 -3  -10 -1  -1  
213 -1  -3  -5  -6  -5  2   1   -1  
214 -3  -4  -1  1   13  -3  -1  -3  
215 -2  -2  -2  3   8   -6  -2  -3  
216 2   3   4   5   7   -5  0   0   
217 -1  0   -2  5   -10 -20 -2  -1  
218 2   0   2   1   -2  -10 -2  0   
219 -3  -2  -3  5   -7  1   0   0   
220 -1  3   2   2   5   4   1   -1  
221 -1  3   2   -3  16  -7  -1  -2  
222 -1  -2  -3  1   10  6   0   1   
223 -1  0   -2  -4  5   3   0   -1  
224 0   -2  -1  13  5   -2  0   0   
225 -3  -2  -4  -6  10  -6  1   1   
226 -1  1   -3  -19 -2  10  1   1   
227 -2  -4  -9  -5  -5  -5  -3  -1  
228 -1  -2  0   0   5   1   0   -1  
229 -1  -3  -1  20  15  1   -2  -3  
230 1   2   0   1   2   4   -1  -2  
231 -1  0   -2  -4  0   -10 0   0   
232 -1  -4  -3  -3  -3  4   -5  -3  
233 1   1   3   0   -1  7   1   0   
234 -2  -1  0   -10 3   6   -1  -1  
235 1   -1  0   -1  -6  -4  -1  0   
236 0   -2  0   3   4   21  1   -2  
237 -2  -1  -2  -1  10  -3  -3  -1  
238 0   -1  1   -2  7   10  0   -1  
239 -2  -2  0   5   4   -2  -1  -2  
240 0   -1  -2  -11 -43 -3  0   -1  
241 0   0   4   10  10  -2  -1  -1  
242 -1  1   2   3   2   -3  -1  -1  
243 0   -3  -4  -4  -2  2   0   0   
244 -1  1   -1  3   5   0   -2  0   
245 0   3   -1  -8  -3  -5  -2  -1  
246 -1  -1  2   2   0   5   1   -2  
247 -3  -4  -7  4   1   5   1   1   
248 0   2   1   8   -11 -20 -2  -2  
249 0   -4  -1  1   -13 -7  -4  -2  
250 -3  -1  -4  -8  -8  -6  0   -2  
251 -1  0   -4  0   -3  -2  -5  -1  
252 1   1   4   0   9   0   0   -2  
253 1   1   3   5   11  5   0   -2  
254 -2  -4  -6  -6  -9  -5  -2  -1  
255 0   -2  -3  -3  -18 -7  -2  0   
256 -2  -2  -1  -3  -8  -2  1   0   
257 0   -2  0   1   7   2   2   -2  
258 3   2   4   1   -4  -5  -1  0   
259 -2  -1  -2  -3  7   1   -3  -1  
260 -2  -3  -2  -6  -1  2   -1  0   
261 -4  -1  -1  1   -2  -5  -2  0   
262 -1  -1  -3  -3  -1  -2  -1  -1  
263 -1  3   4   -4  7   12  -1  -1  
264 -2  2   3   12  15  -9  1   -2  
265 0   -4  -5  0   -21 3   0   -1  
266 -1  0   0   -1  1   1   -1  0   
267 -1  0   1   -1  11  -3  -2  -2  
268 0   0   2   5   1   -6  -1  1   
269 -2  -1  -2  -9  -9  12  1   -1  
270 -1  -1  1   3   0   0   -3  -1  
271 -1  -1  -1  -7  -4  -2  -2  -1  
272 -1  2   1   1   -11 -15 -3  -3  
273 -2  -2  -1  -5  2   15  -1  -1  
274 -3  -1  -5  -14 8   -6  -2  -2  
275 0   0   0   -2  -3  -6  1   0   
276 0   0   -1  -13 0   -7  0   -1  
277 0   0   -3  -17 -2  5   2   0   
278 3   1   4   7   -3  2   -3  -1  
279 1   -1  -4  3   6   -4  1   1   
280 -2  1   7   11  2   11  -3  -11 
281 5   1   3   13  1   -5  -2  33  
282 -15 -5  -2  -12 -10 -1  -9  -43 
283 10  -1  -4  -2  -18 -6  -5  -63 
284 16  3   3   3   13  2   7   33  
285 -22 -6  -1  11  19  -10 -1  -17 
286 39  2   -2  19  22  -8  10  64  
287 29  4   5   13  17  -2  7   32  
288 17  2   -2  -18 -17 -3  2   73  
289 1   -3  -6  -19 -17 -12 -5  -15 
290 -1  0   0   12  11  -13 -12 -38 
291 13  -2  -1  27  24  4   3   -16 
292 -27 0   -1  -7  -26 -5  -5  33  
293 16  5   5   -23 -34 -14 6   19  
294 -11 -3  -5  2   -11 -8  -5  -24 
295 -2  -3  -5  -1  4   -7  0   -7  
296 17  -2  -6  -8  -22 -27 4   34  
297 -3  -3  -2  -4  -8  1   -4  1   
298 6   -4  -9  6   5   18  -5  16  
299 18  0   -5  -21 -62 -7  1   20  
300 2   -2  -2  -7  0   -10 4   7   
301 7   5   2   -36 -6  -11 -5  3   
302 4   5   6   0   15  0   1   2   
303 26  3   6   25  4   -17 3   21  
304 -21 -3  3   4   -3  -3  -5  15  
305 9   2   3   -1  1   -4  4   -3  
306 10  0   0   1   12  3   3   19  
307 11  2   0   8   4   3   -6  -8  
308 -10 -7  -3  1   -4  0   0   -5  
309 8   -1  1   5   21  -15 -3  -2  
310 -5  0   -1  6   12  -12 -2  -10 
311 1   -2  -3  4   -13 1   0   -2  
312 1   -1  -9  -33 -28 -3  0   -2  
313 -5  -3  -3  -21 -2  10  2   20  
314 0   0   2   21  29  10  0   0   
315 -3  -4  1   6   0   -9  -3  25  
316 2   -5  -5  -17 -14 -3  1   4   
317 11  0   -1  6   -9  -1  6   24  
318 12  3   -1  -6  20  -4  -3  -8  
319 -17 -3  -1  0   10  3   -1  -18 
320 40  2   2   1   -2  0   8   -2  
321 3   1   -1  20  6   17  -2  6   
322 8   3   -2  -12 -7  8   -1  43  
323 2   0   1   -1  -2  -3  -5  -28 
324 15  1   -4  5   7   -2  1   -35 
325 4   -3  -2  3   17  -9  -1  -6  
326 0   -5  0   22  35  5   0   -7  
327 -5  0   -3  -13 -4  3   3   7   
328 -22 0   0   6   8   2   -7  -52 
329 -4  -2  -1  8   0   -13 -3  18  
330 7   0   3   11  -13 7   6   69  
331 28  1   -2  -9  -11 -6  -3  -46 
332 16  0   -1  1   21  -9  5   11  
333 -8  -5  -2  29  34  6   2   38  
334 -1  0   -2  -21 -10 29  2   30  
335 22  4   -3  -21 -27 1   10  34  
336 -7  -4  0   37  16  -2  -4  -40 
337 -3  -1  3   -2  2   2   2   -2  
338 11  2   1   -1  5   -8  -5  -13 
339 -5  -2  -2  -3  8   0   -3  0   
340 -12 -4  -3  -2  -5  -12 -7  -18 
341 0   -1  -2  -6  6   13  -7  -22 
342 -13 -3  0   19  14  -7  -3  -11 
343 -1  -3  2   38  42  4   1   12  
344 -14 -4  -4  -6  -5  -14 -1  24  
345 -17 -6  -4  4   -3  -3  -9  -24 
346 -5  3   4   10  12  -7  -2  -17 
347 7   0   1   -8  -21 -10 6   -35 
348 -20 -1  6   16  22  6   -3  12  
349 7   -5  -3  -15 -9  3   4   21  
350 -5  -1  3   -2  9   18  1   -25 
351 6   3   1   -10 -12 -2  4   43  
352 -19 -7  -9  -12 -19 -14 -7  -40 
353 1   -3  0   -23 -12 4   -7  -52 
354 -9  -3  -2  -1  -11 7   -2  -19 
355 10  4   1   5   7   -5  -4  12  
356 0   1   7   12  16  3   3   -10 
357 4   0   0   -9  -3  -9  -6  17  
358 4   0   -5  -3  -4  -1  -3  3   
359 -33 -2  -6  -14 -6  -3  -2  0   
360 2   2   4   11  3   -15 -3  -8  
361 -12 -2  2   -1  -13 -4  -1  -2  
362 5   -1  -9  -17 -15 16  -1  -2  
363 12  0   -1  6   4   -2  -2  20  
364 0   -1  -3  -21 -36 -13 -5  -35 
365 -3  -3  -2  0   7   16  5   9   
366 6   0   -1  7   2   -1  3   29  
367 -4  0   0   -9  -12 -5  -2  -8  
368 2   1   -1  12  8   -4  -6  3   
369 -7  -3  -1  -5  4   6   -3  0   
370 -8  -5  -8  6   2   3   -2  -21 
371 1   -1  -3  -11 -19 -1  0   0   
372 -11 -3  -2  -30 -25 -13 -4  2   
373 3   0   0   2   9   5   -3  -12 
374 8   1   -2  -18 -8  -11 -2  -1  
375 0   6   7   6   24  6   -1  1   
376 -1  0   0   7   -17 -6  -2  0   
377 0   -2  -3  -11 -2  -6  1   0   
378 1   3   6   14  24  7   1   -1  
379 -1  -3  -2  4   -1  7   -1  0   
380 -1  -1  2   12  3   -6  -2  1   
381 -2  -2  0   4   -7  3   -5  -2  
382 -2  -2  -3  -1  -18 -13 -2  -2  
383 -3  -2  -1  -7  -4  2   1   0   
384 -2  -1  -1  7   5   -4  0   -2  
385 -2  -4  -2  -4  -4  8   -2  -2  
386 1   -1  2   5   15  -3  0   0   
387 -2  -2  -3  -7  0   -10 -2  -3  
388 -1  -1  0   -10 -12 -27 -4  -1  
389 -3  -3  0   -4  -14 -8  -1  -1  
390 1   0   -1  1   -7  3   0   -1  
391 0   0   -2  6   5   10  2   -1  
392 -1  -3  1   0   -6  -1  -1  -2  
393 -1  0   -1  -7  10  0   -3  -1  
394 -3  -2  0   1   -8  0   -2  -2  
395 -4  -1  1   -3  1   5   1   -3  
396 2   -1  -1  2   1   -2  -2  0   
397 2   1   0   -1  5   2   3   -1  
398 1   -2  0   4   0   -8  -3  -2  
399 -1  -3  -4  -3  -5  -1  -1  0   
400 1   0   1   3   -2  -6  -2  -4  
401 -2  -3  0   1   -5  -13 -1  0   
402 1   -1  0   -4  1   0   0   0   
403 -3  -3  2   6   6   2   0   0   
404 -2  -1  0   -1  -2  -4  -5  -1  
405 1   0   -3  -11 3   -5  -1  0   
406 -1  -2  -2  -3  -7  -3  -1  -2  
407 2   -1  0   2   -2  -7  -1  -2  
408 1   -4  -2  1   2   -1  -1  0   
409 -2  -2  -6  -13 -7  0   -5  -1  
410 0   -2  -3  -2  2   -2  -1  1   
411 -2  0   1   0   19  4   -1  1   
412 -1  1   2   1   3   5   1   -1  
413 0   -1  -3  1   0   23  -3  -1  
414 -1  0   -2  -10 4   -3  -2  0   
415 0   0   -3  -7  -5  -13 -5  2   
416 0   -5  1   4   -2  -8  2   -1  
417 -1  -2  -5  -2  -18 2   0   -3  
418 0   1   -2  2   1   -5  -1  -2  
419 -3  -4  2   -8  1   -12 -2  1   
420 1   2   1   2   -1  -2  1   1   
421 -2  -2  -2  2   -21 -15 11  1   
422 -1  4   4   12  22  19  -19 1   
423 -1  -1  -2  -2  -6  3   -4  0   
424 -2  -3  -1  -1  -2  5   0   1   
425 -4  -3  -5  5   5   -7  -1  2   
426 2   1   -2  -12 -2  12  -1  -1  
427 -1  2   4   -1  -21 -8  -2  -3  
428 -3  -1  -1  2   3   3   1   0   
429 0   0   2   -10 -4  -4  -1  1   
430 -2  1   -1  -9  -10 0   0   0   
431 -3  -6  -6  -2  4   8   0   0   
432 0   -2  -5  -3  -7  1   -1  1   
433 -3  -3  0   10  -3  -4  -1  1   
434 0   1   2   -4  -2  -10 -1  -1  
435 0   3   1   -1  1   -1  -1  -2  
436 0   -2  0   -1  -4  -3  0   -1  
437 -2  -3  -5  -5  -3  -8  0   -1  
438 1   5   7   13  18  -3  0   -1  
439 -4  -4  -6  0   7   -2  -1  0   
440 -1  0   -5  -14 -11 -1  1   -1  
441 -3  -5  -4  5   2   -3  -3  0   
442 -1  -1  0   0   -8  -2  -2  -2  
443 -1  -5  -4  -3  -1  -1  1   -1  
444 -2  -2  -3  -2  6   -3  -1  -1  
445 1   0   4   4   1   0   -3  -2  
446 -3  -2  -5  -3  -6  -2  0   -2  
447 -2  2   -1  -12 -10 -7  -2  0   
448 -2  -5  -5  -6  -9  0   -2  -1  
449 -2  -2  -1  6   0   -4  0   -2  
450 -2  -1  2   6   0   -3  -4  -4  
451 0   -1  4   -4  3   11  -1  -2  
452 0   0   1   6   -2  -3  1   1   
453 -3  -3  -7  -14 -1  9   -2  0   
454 0   -2  -5  -11 -10 0   0   0   
455 -2  -4  -7  -8  -1  -8  -2  0   
456 0   -1  1   2   -1  -2  0   1   
457 0   -1  2   2   -2  -3  -4  -2  
458 -1  -3  -4  -10 -21 2   -3  -3  
459 -2  -2  -1  -2  11  2   0   1   
460 -1  2   -3  -17 4   2   0   1   
461 0   -1  -2  -8  -5  -5  -2  -3  
462 0   0   -5  -16 -8  -6  0   0   
463 0   -2  -4  -7  0   4   0   -1  
464 -1  -3  -2  -2  3   -10 -3  -2  
465 0   2   3   -2  -2  12  -3  -9  
466 10  -4  -6  19  29  2   2   84  
467 61  8   7   16  12  14  36  127 
468 21  -1  -3  15  22  4   -2  34  
469 33  1   -2  12  52  3   -6  -4  
470 -1  -6  -2  -9  -22 -5  2   1   
471 -36 -11 1   19  9   8   5   0   
472 -9  -10 -3  -1  -20 -3  -1  33  
473 -15 -2  -3  -16 -3  -9  -12 -67 
474 -1  0   -2  -13 19  2   1   6   
475 -25 5   4   1   15  -8  -11 -62 
476 -15 -2  5   8   25  5   8   49  
477 -22 -3  0   3   -1  -7  -12 -40 
478 5   -1  -4  -6  -36 -7  -1  -10 
479 13  -1  -6  -7  -6  -7  0   0   
480 4   0   3   7   8   21  4   29  
481 -4  -1  0   -4  14  3   -6  -35 
482 -1  0   -3  -14 -11 1   0   8   
483 -10 -1  -5  -5  0   -11 -2  14  
484 4   -3  -4  -4  -13 2   7   13  
485 11  2   -1  -9  6   8   -5  9   
486 0   2   3   16  0   18  2   2   
487 -3  0   -9  -10 -47 -12 -5  7   
488 5   2   -1  -5  5   4   1   2   
489 -18 -5  -4  -4  -5  -2  -2  -3  
490 -15 -5  -10 -27 -10 8   -3  -5  
491 -3  -3  0   22  43  5   6   28  
492 4   4   4   13  0   5   -2  -3  
493 0   -2  -3  0   -7  -7  -3  -1  
494 0   -4  0   10  0   -5  0   1   
495 3   -2  -6  -22 -17 2   -2  4   
496 -10 0   0   -5  15  -2  0   4   
497 -2  -1  2   -10 -3  -8  -1  5   
498 -17 -4  -4  -4  9   -3  -5  -5  
499 -2  1   -2  -8  1   0   -2  -2  
500 5   0   3   3   19  8   -3  -5  
501 -4  -2  -3  -19 13  6   1   3   
502 2   -3  -7  -11 -26 -4  0   1   
503 5   3   -3  -5  3   -3  0   -1  
504 -25 -4  3   11  29  7   -2  3   
505 -4  -3  -3  -4  -8  5   -7  -18 
506 0   -4  -1  -3  2   -3  -5  -46 
507 -12 -2  -5  -14 -17 -8  -8  -22 
508 -16 -3  -1  -10 -34 18  0   -2  
509 -19 -3  -1  -21 -15 3   -1  -8  
510 -10 1   4   9   13  -8  2   26  
511 -2  1   -5  -22 0   -8  -6  10  
512 0   -3  -4  -19 -13 -8  -6  -52 
513 -6  -3  -1  3   -17 2   0   -6  
514 9   0   1   -2  2   -1  -1  1   
515 -19 -4  0   28  54  4   -2  -27 
516 10  1   -3  -7  2   -1  2   18  
517 23  5   3   12  41  0   -8  -42 
518 -31 -12 -6  29  50  -2  -16 -36 
519 -2  1   -4  -8  -12 -5  -2  -9  
520 -18 -4  0   13  23  0   -4  -45 
521 7   -4  -7  3   4   -6  -4  1   
522 -6  -2  -1  10  -6  -1  0   12  
523 -3  1   -2  -18 -22 -11 -8  -22 
524 5   3   1   2   10  1   0   5   
525 -12 2   4   -3  -1  5   3   -2  
526 1   -2  -3  -11 -24 0   -1  18  
527 9   -2  -4  -10 -9  1   1   -18 
528 1   0   -4  -12 -6  1   -1  5   
529 -1  -1  -1  -2  -7  1   2   -6  
530 6   -1  -3  0   0   -12 -1  6   
531 -7  -6  -6  -5  -12 -4  -4  -3  
532 -2  -1  1   7   12  -6  0   2   
533 0   -3  -2  -1  1   -1  -1  -21 
534 1   -1  2   -4  -26 -10 1   16  
535 0   0   0   1   15  1   1   6   
536 3   -2  -2  3   -12 13  5   13  
537 21  4   1   14  11  -2  -6  -27 
538 4   2   0   1   -5  -1  -3  1   
539 -3  -2  -2  -4  -2  5   2   -10 
540 10  0   7   -11 9   7   4   25  
541 3   2   -2  -8  -9  4   -1  -8  
542 -3  -5  -7  -19 9   -2  -5  -3  
543 -13 -1  5   23  28  6   0   12  
544 -2  -3  -6  -9  -15 -6  -4  8   
545 3   2   -1  -4  2   -1  -5  -12 
546 -10 -2  -5  2   4   -2  0   -1  
547 12  0   -3  -22 -17 12  10  -10 
548 1   -1  -1  11  4   -6  -1  1   
549 2   -2  3   26  15  -7  2   11  
550 8   1   1   3   2   -2  0   5   
551 -2  1   1   -10 -7  -3  4   -8  
552 5   3   -3  3   -4  -5  0   -7  
553 -2  -4  -4  -11 -6  1   -2  4   
554 8   -2  -4  -8  -9  -7  1   20  
555 -3  1   3   1   -3  1   1   9   
556 -15 -7  -2  10  2   -11 -8  29  
557 4   0   -3  5   11  -1  0   1   
558 3   0   -5  -14 -9  2   0   -6  
559 -5  -2  -2  -17 -15 2   2   -1  
560 -3  2   -2  -4  -19 2   -2  -8  
561 -4  -3  -3  3   12  4   -5  -11 
562 4   1   -3  -15 -13 12  -2  -14 
563 6   1   3   2   8   0   0   -12 
564 -4  -3  -2  -1  -52 -8  -1  -3  
565 0   0   -2  1   12  -3  -1  -5  
566 1   -1  4   16  20  7   1   -2  
567 -3  -11 -21 -47 -32 -14 -12 -2  
568 1   2   2   -8  -40 -4  0   -3  
569 -2  -3  -4  -11 -41 -8  -2  0   
570 3   -1  1   5   3   2   1   -1  
571 -3  3   -1  9   23  6   -2  -2  
572 0   3   5   15  23  4   0   -1  
573 -2  -5  0   10  -18 -6  -2  -2  
574 -2  1   1   10  6   -7  -3  -2  
575 -2  -1  1   10  2   22  0   1   
576 -2  -1  0   2   22  8   -1  -3  
577 -1  2   -2  -6  13  3   0   -1  
578 -3  -1  -2  -2  -5  -4  0   0   
579 -3  0   1   3   -6  -9  -2  0   
580 -1  0   -3  -9  -1  -4  -2  0   
581 -1  -5  -1  7   2   3   -1  0   
582 -2  -3  -2  -5  -20 -19 -1  0   
583 -1  2   4   -1  -11 8   0   -3  
584 -1  -2  -2  -15 -13 -2  -2  -3  
585 -2  0   -4  -14 -20 2   0   0   
586 -1  -5  -6  -13 -16 11  0   0   
587 -1  1   -2  -11 7   10  -3  -2  
588 -1  -2  -2  -4  2   1   0   -2  
589 -1  -4  -3  2   -6  5   -1  -2  
590 0   3   0   -12 -7  -1  1   0   
591 3   3   7   17  18  7   0   1   
592 -2  -4  -4  -12 -50 -1  -3  -4  
593 -2  -1  -3  -9  -4  -2  -2  -1  
594 2   8   12  0   8   19  -3  -1  
595 -2  -3  0   11  -1  -6  -1  -3  
596 -2  -1  -3  -6  2   3   -1  -2  
597 2   2   3   2   -9  -18 -2  -1  
598 0   -2  -4  0   7   1   -2  -1  
599 1   0   1   3   7   -2  0   -1  
600 1   -2  0   0   7   4   1   0   
601 -1  -4  -7  -5  -10 7   -2  -1  
602 -1  -1  0   3   -3  2   -2  -1  
603 -2  -2  -4  2   5   -3  0   -1  
604 -3  -2  0   4   2   1   0   0   
605 0   -2  -4  -9  -24 -8  -1  -2  
606 -1  -2  0   4   6   11  0   1   
607 -1  -1  -2  -2  4   -1  -2  -1  
608 0   2   -1  1   5   13  2   0   
609 -1  -4  -5  -2  -2  0   -2  -2  
610 0   -2  -1  -8  -2  -9  -2  0   
611 0   -3  -5  -10 -6  -5  -2  -2  
612 2   2   0   1   3   -1  1   -1  
613 1   -4  -1  0   3   -6  -3  -1  
614 1   -1  -1  6   4   4   0   1   
615 -1  -2  -3  6   5   7   0   0   
616 0   0   1   -4  -5  -4  0   -2  
617 -2  0   -3  -21 -4  6   2   1   
618 -2  -2  -5  -15 3   -8  -3  -2  
619 0   -2  2   7   4   -2  -1  1   
620 -1  1   0   0   -3  3   -2  -3  
621 -2  -2  -2  -10 -33 -4  -2  -4  
622 -2  -2  3   0   -1  -6  -1  -1  
623 -1  -3  -1  2   -1  -4  1   -1  
624 1   -3  -4  -2  5   -5  -1  -1  
625 1   -3  -1  -2  5   -4  0   -1  
626 -2  -4  -4  -14 4   -3  0   0   
627 -1  -3  -3  1   0   2   0   -3  
628 -3  -4  -7  -5  -7  -5  -1  2   
629 -2  -3  -2  -4  -3  -5  -1  -2  
630 1   1   2   4   -2  0   -2  0   
631 0   2   -4  -27 -4  -6  1   -2  
632 2   7   10  14  5   0   -3  -1  
633 -1  -4  -3  -4  -1  3   0   -2  
634 3   5   9   9   1   -6  -1  0   
635 -2  0   6   10  -2  18  0   1   
636 -1  0   -2  -10 0   -9  -2  0   
637 0   0   -4  -4  -1  -20 -1  1   
638 0   -2  -4  -11 -6  -2  -2  -2  
639 -1  0   2   8   6   3   0   0   
640 0   1   -1  -13 4   5   0   -1  
641 0   -3  -1  4   -7  -1  -1  -2  
642 -1  -1  1   8   4   -4  -1  -1  
643 -2  0   -1  5   12  2   -1  -1  
644 -2  -3  -5  -1  0   -4  0   0   
645 -2  -3  -4  -3  -9  11  0   -2  
646 -2  -1  -1  2   4   -4  -2  -2  
647 -1  -2  2   5   -3  -3  -1  -1  
648 -1  1   -1  -6  -29 -4  -3  -3  
649 2   3   5   3   -9  -4  -1  1   
650 -1  -3  -4  -3  3   -9  -1  0   
651 -2  -1  1   -15 -17 -6  -3  -1  
652 -2  1   1   6   8   -2  -1  -1  
653 -1  -1  -1  -4  1   6   -2  -2  
654 -1  0   1   1   0   -7  -1  0   
655 -2  -3  -4  -10 4   -2  -1  0   
656 -1  -1  -3  -6  7   -6  -3  0   
657 1   1   -3  -1  1   8   -2  -1  
658 -2  -2  -2  10  1   -2  1   -1  
659 -1  -1  0   2   -4  -2  0   0   
660 0   0   1   2   1   -6  -1  1   
661 0   -2  -3  1   14  9   0   -2  
662 2   2   4   1   16  0   1   2   
663 -1  -3  -3  -2  -15 -4  -4  -2  
664 0   -1  3   4   2   2   3   0   
665 -1  -2  -2  3   8   2   0   1   
666 -2  0   1   6   -22 -5  -1  0   
667 -2  0   0   -2  1   -7  -2  0   
668 -1  0   -3  1   13  3   0   -2  
669 -2  -4  -4  1   -6  -6  -2  -2  
670 1   1   1   9   3   -1  -1  -1  
671 0   2   4   0   -5  5   -1  -1  
672 0   -1  0   4   1   -4  0   3   
673 -1  -2  -4  -1  -4  1   2   0   
674 0   -2  1   6   8   -7  -1  0   
675 -2  -4  -3  -1  1   -16 0   1   
676 -1  0   0   7   -3  -1  1   -1  
677 -4  -1  1   8   -1  9   -2  -1  
678 -2  -1  -5  -11 -8  -3  -3  -2  
679 1   -2  -3  -2  1   12  0   -2  