
1 0   0   0   0   0   0   0   0   
2 0   0   0   0   0   0   0   0   
3 0   0   0   0   0   0   0   0   
4 2   -1  1   -3  -1  -2  -1  -1  
5 -10 0   0   7   0   6   5   -1  
6 -1  0   -3  -3  -5  0   -1  -1  
7 0   -2  -16 -1  -2  -4  -2  -1  
8 -1  2   4   -2  0   1   -2  -2  
9 -3  1   3   2   1   0   0   0   
10 5   0   0   1   -2  2   -1  0   
11 -10 -4  -3  -3  2   -3  -4  0   
12 -12 -2  1   -1  -3  -5  -4  -3  
13 6   1   0   -1  3   0   2   0   
14 -1  0   -4  1   0   0   -1  1   
15 0   0   1   0   -3  3   0   -1  
16 6   -1  -1  -2  -1  2   0   2   
17 -3  -4  -6  1   -2  1   0   1   
18 -3  0   -2  -6  0   -2  -4  -2  
19 2   0   -8  -5  2   -5  -2  -2  
20 -3  0   -4  -1  -2  -2  -2  -2  
21 -1  -2  3   1   -2  -2  -2  -2  
22 2   -2  -3  -2  -2  -5  -1  0   
23 3   4   0   2   -1  0   0   -1  
24 5   5   5   4   0   1   -1  -1  
25 -11 -3  0   -1  0   1   -1  -1  
26 1   -2  -3  -2  -2  0   -1  -1  
27 1   -1  -1  1   0   -2  -1  -1  
28 -2  1   -2  -1  -2  -4  -1  0   
29 4   3   3   3   1   -1  -2  -2  
30 2   -2  -2  2   -2  -3  1   1   
31 -1  -4  -2  -3  0   0   -1  1   
32 1   4   1   4   3   4   0   -1  
33 -1  -3  3   0   -2  -2  -2  -1  
34 -3  -4  -2  -4  -5  -6  -4  -2  
35 4   6   3   2   1   4   1   -1  
36 -1  1   0   0   2   3   0   0   
37 -3  -3  -2  0   2   3   -3  -2  
38 1   -2  -3  -2  -2  -2  -1  -1  
39 -3  -4  -4  -5  -3  0   0   2   
40 -3  -1  -1  -2  -3  -1  -3  -2  
41 -3  -1  2   0   -1  -1  1   -1  
42 4   2   1   0   -1  -7  -1  -2  
43 -6  -2  0   0   0   1   -1  -1  
44 1   -3  -2  0   -2  4   0   -1  
45 2   0   -1  1   1   0   0   -1  
46 5   0   -1  1   -1  -2  1   2   
47 -2  -2  -3  -3  -4  -5  -1  0   
48 2   -1  -4  -4  -1  0   1   0   
49 5   2   -1  -1  -2  -3  -2  -1  
50 4   1   -1  -2  -2  -1  -3  -1  
51 5   3   1   2   1   -1  -1  0   
52 1   -2  -2  -2  -2  0   1   -2  
53 -7  -3  -1  -2  -2  -1  -2  -1  
54 -2  -1  -1  -3  -3  -2  -1  -2  
55 -4  -4  -3  -2  -1  2   0   -1  
56 0   -3  -3  -3  -2  -2  0   -2  
57 2   6   5   4   0   -1  0   1   
58 -2  -3  -3  -2  -2  -3  -3  0   
59 1   0   -2  -2  -1  -1  0   -1  
60 7   -3  0   1   1   1   1   0   
61 -6  -3  -3  -2  -1  -3  -1  0   
62 -7  -7  -3  -3  -3  0   0   -1  
63 1   -4  -2  0   0   1   -1  -1  
64 -2  -1  0   0   0   -2  -2  -2  
65 5   1   0   2   1   -1  -2  0   
66 0   2   0   0   -2  0   -1  0   
67 -1  -2  0   -1  -2  1   -2  0   
68 2   0   -1  0   -3  -3  -2  -2  
69 -3  -4  -5  -3  -3  0   0   -1  
70 -2  -3  0   0   -1  -1  -3  -2  
71 1   -2  -1  1   0   -1  -2  -1  
72 4   5   4   3   1   1   -2  -1  
73 -2  -2  -3  -2  -3  -3  -2  0   
74 4   -2  0   0   0   0   -1  -1  
75 6   0   0   0   -1  -1  0   -1  
76 -1  -2  -2  2   3   4   -1  1   
77 7   3   0   2   5   9   3   4   
78 -9  -6  1   -1  -4  -7  2   3   
79 5   3   -1  3   19  24  4   6   
80 10  4   1   2   8   8   -2  3   
81 -2  -3  -4  -5  -6  -11 -6  -2  
82 2   3   3   4   6   3   0   4   
83 -11 -1  1   0   6   8   0   -3  
84 -4  -1  0   2   -2  -1  0   -1  
85 4   1   -1  -4  -4  -11 -5  -1  
86 6   2   1   -1  -4  -1  -1  -6  
87 3   -2  1   -1  -4  -4  -1  0   
88 -5  0   -4  -3  1   3   1   -7  
89 -2  1   2   3   6   7   1   -3  
90 -2  -2  -4  -3  -7  -5  -2  -7  
91 -6  0   0   -3  -4  -5  -2  -3  
92 11  3   -2  -2  0   2   1   -1  
93 4   3   3   1   -7  -3  2   2   
94 3   3   -3  -4  -1  1   -1  -1  
95 -2  -1  -2  -2  -5  -5  -1  -4  
96 7   0   2   2   3   4   2   5   
97 -11 -4  -3  -6  -7  -9  -3  -5  
98 5   1   1   1   2   3   2   -2  
99 1   -3  -2  -2  -4  -2  -1  -1  
100 -1  1   1   1   5   6   1   -3  
101 0   -1  -3  -2  -9  -8  -1  5   
102 1   -2  -2  -2  2   1   -2  -1  
103 0   -2  -2  -4  -9  -13 -2  -1  
104 -1  -1  -5  -2  -6  -5  -3  0   
105 -8  0   0   -1  -2  3   -2  1   
106 -1  -1  2   1   4   3   0   -1  
107 -4  -3  -3  -4  -3  -6  -3  -2  
108 -4  -2  -1  -4  -9  -11 -5  -8  
109 6   0   0   1   -1  -3  -1  4   
110 2   4   2   0   3   1   2   -2  
111 -1  -3  -2  -3  -4  -5  -3  -2  
112 -2  -7  -4  -2  2   2   0   0   
113 -4  -5  -3  -5  -4  -7  -4  -2  
114 -1  1   1   1   2   5   0   -2  
115 0   0   2   3   0   -2  0   -2  
116 2   -2  -1  0   -3  -1  -2  -1  
117 -5  -4  0   1   -2  -5  -2  -4  
118 -3  -2  -2  0   0   -2  -2  -2  
119 2   0   1   1   0   -2  -2  1   
120 -2  -1  -3  -1  -1  -3  -1  -3  
121 2   0   -2  -1  0   2   2   1   
122 -3  -5  -7  -5  -1  -1  0   1   
123 3   2   1   1   5   6   2   -2  
124 -6  -1  2   1   1   -2  0   1   
125 -1  -1  0   1   4   6   0   -3  
126 -2  -2  -3  -4  -4  0   -1  2   
127 -1  -1  -2  -3  2   4   -1  -6  
128 -4  -4  -4  -3  -7  -5  0   -1  
129 -4  -3  0   1   4   2   -1  -3  
130 3   2   -3  -1  -5  -2  -1  3   
131 0   1   1   -2  -1  -2  -1  4   
132 -2  1   2   1   0   0   -2  -1  
133 -2  -3  0   -2  10  12  1   -1  
134 -6  -7  -7  -8  -14 -16 -4  -3  
135 1   -3  -4  -1  0   -4  -1  4   
136 -4  -2  -3  -3  1   3   0   0   
137 -4  0   -2  0   0   1   0   -13 
138 5   0   0   0   1   -3  -2  -2  
139 2   3   -1  1   4   4   1   2   
140 2   0   3   1   5   1   0   -2  
141 -11 -1  -2  -4  -8  -10 -4  -13 
142 -1  -5  -5  -4  2   0   -1  5   
143 2   -2  -5  -3  -1  -3  -2  0   
144 -15 1   3   3   -3  -6  -4  -6  
145 3   -2  -3  4   10  15  5   3   
146 0   2   2   1   -5  -5  -1  -3  
147 -1  -1  1   -1  -3  -4  -1  -1  
148 0   1   1   1   -4  -2  -1  -3  
149 -6  -4  1   -2  -5  -5  -4  -4  
150 -6  -2  0   -2  2   2   1   -6  
151 5   5   0   2   -1  3   2   3   
152 2   1   -3  -3  -2  -1  -1  -1  
153 -3  0   0   2   4   2   1   1   
154 2   -2  2   3   -2  0   -2  -4  
155 -17 -1  1   2   0   0   0   1   
156 2   1   0   2   1   -1  1   3   
157 2   2   -1  -4  -7  -10 -4  -3  
158 1   -3  1   0   0   0   -1  1   
159 -1  -2  -4  -2  -2  -4  -4  -5  
160 5   1   0   1   1   0   0   -2  
161 0   -2  -1  1   4   3   -1  2   
162 0   0   0   1   9   6   0   -2  
163 8   2   -1  1   3   4   1   1   
164 4   2   0   -2  0   -5  -2  -2  
165 0   1   2   2   -1  -3  -1  -1  
166 -1  -2  -1  -2  1   0   1   1   
167 -2  1   2   3   3   7   2   -5  
168 -1  0   -1  -1  -3  -5  -3  0   
169 -2  -1  1   1   2   5   1   0   
170 1   -1  -4  -1  -2  -5  3   0   
171 1   0   -2  -1  2   -2  -9  0   
172 0   4   2   1   2   -1  -10 1   
173 -8  -1  2   3   2   4   9   2   
174 -4  0   -1  -2  -1  0   1   -1  
175 -1  1   -5  -3  -3  0   6   -1  
176 -6  -1  -2  0   0   6   5   -1  
177 -3  -3  -2  -1  0   -1  2   -1  
178 2   -2  -2  -4  -3  1   3   -1  
179 0   -4  -2  -2  -4  5   -4  -2  
180 -2  -3  -4  -5  -5  -10 -4  -3  
181 -3  -1  -3  -3  -8  -4  -4  -3  
182 -1  -1  -2  -1  0   -2  0   -1  
183 -1  -2  1   3   5   9   4   0   
184 -5  -1  0   -1  0   2   2   1   
185 -2  -5  -4  -3  -3  -3  -2  -1  
186 -9  -1  0   1   3   2   0   -1  
187 -2  0   2   0   0   3   0   -3  
188 -13 -9  -4  -4  -4  -2  0   -3  
189 1   0   1   -2  -2  -6  -1  0   
190 4   0   1   2   1   1   0   -1  
191 -11 -4  -1  -2  -2  -3  -6  -1  
192 0   2   1   0   3   0   0   0   
193 7   6   5   3   -1  3   2   0   
194 -15 -1  0   1   4   3   0   0   
195 2   -1  1   0   -3  -5  -7  -4  
196 4   -1  -1  -3  1   0   -3  1   
197 -5  -4  -6  -6  -4  -4  -6  -2  
198 3   -1  -2  -1  -1  -1  1   0   
199 -3  0   -1  -2  -1  3   3   1   
200 6   3   0   0   -2  -2  -3  -2  
201 -8  -6  -1  -1  -1  -4  0   -2  
202 -6  -4  -7  -5  -8  -11 -5  0   
203 -10 -4  -4  -4  -7  -6  -6  -2  
204 -5  0   -1  -2  -1  -2  0   0   
205 4   -3  -4  -2  1   1   0   1   
206 2   4   3   1   1   3   1   -1  
207 -3  -4  -4  -2  -1  1   1   0   
208 0   -3  -1  -2  -1  -4  0   1   
209 -5  -1  1   0   1   3   -1  -1  
210 1   3   5   2   3   0   0   0   
211 0   -1  -1  -3  1   0   2   0   
212 2   0   1   1   1   2   0   -1  
213 -2  0   -1  -1  0   2   0   0   
214 -1  1   -1  -1  -2  -2  -2  1   
215 1   3   2   0   2   4   0   1   
216 1   -1  0   -3  1   -1  0   0   
217 -2  -3  -3  -5  -7  -7  -2  -3  
218 0   2   6   3   0   -6  -5  -5  
219 3   -1  -1  -1  -5  -8  -2  -2  
220 1   0   1   -2  -3  -5  -3  0   
221 -1  -4  -3  -5  -2  -2  1   1   
222 2   -2  -5  -3  -4  0   -2  -1  
223 2   -1  -3  -2  -4  -3  -3  -2  
224 -1  -1  1   -1  0   -3  1   -1  
225 -3  0   -1  -2  -4  -2  -1  -1  
226 -1  0   2   1   1   1   -1  0   
227 3   1   0   -1  3   2   0   -1  
228 -1  -1  -2  -1  2   1   2   -1  
229 -3  -1  -2  -3  1   1   -1  0   
230 -2  -5  -4  -1  1   1   1   -1  
231 -6  0   -1  -2  -1  -1  -1  0   
232 -1  -2  0   1   0   1   -1  -2  
233 2   3   1   1   -1  -2  -1  -1  
234 -3  -4  -4  -3  -1  -1  1   0   
235 -8  -2  -3  -1  2   0   0   -2  
236 -9  -5  -2  -1  -3  -9  -2  -2  
237 -6  -6  -2  -2  -5  -3  -4  -1  
238 -2  -1  1   -3  -4  -7  -4  -1  
239 -1  -1  -6  -1  3   2   3   2   
240 0   -3  2   1   1   2   -1  -3  
241 3   1   -1  -1  -1  0   1   0   
242 5   4   0   2   2   2   -3  -1  
243 -1  -1  -2  -1  1   3   -1  -1  
244 2   2   0   -2  0   0   -1  -1  
245 3   3   6   3   3   0   0   0   
246 0   2   5   4   2   1   1   2   
247 9   4   1   0   -1  -1  -2  -2  
248 -5  -3  0   -1  -1  -3  -1  0   
249 -2  -2  -3  0   -4  0   -1  -3  
250 -2  -3  -2  -2  -2  -4  -2  -1  
251 -4  -1  0   -4  -1  -3  0   1   
252 -2  1   2   3   0   -2  -1  0   
253 -4  0   2   1   -1  -2  -2  1   
254 -4  -1  -2  -1  -2  -4  -2  -1  
255 -1  -3  -3  -1  -2  -1  2   0   
256 -1  3   4   2   2   0   -3  1   
257 6   -3  -5  -3  -4  -3  0   -2  
258 0   2   2   2   1   3   0   1   
259 1   -2  1   0   2   -1  -2  -1  
260 1   -1  -1  1   1   3   1   0   
261 0   -1  -1  -3  -3  -6  -4  -2  
262 -1  -2  -3  -3  -4  -5  -1  -3  
263 -4  3   -2  -2  -2  -3  -4  -2  
264 -2  -4  -1  -1  -1  2   1   -1  
265 17  4   2   1   3   0   1   -1  
266 4   0   0   0   9   -4  -1  -2  
267 -11 -6  -3  -1  -1  -1  -2  -4  
268 0   0   -1  2   5   1   -10 -5  
269 -2  0   -1  1   0   9   6   1   
270 1   -2  -4  -7  -20 -5  4   3   
271 4   4   5   6   17  6   4   0   
272 -12 2   -3  -4  -9  -13 -2  -1  
273 -4  -1  0   3   17  11  0   1   
274 -6  2   4   5   -1  -4  -1  4   
275 4   2   1   1   13  3   2   0   
276 -7  -5  -3  0   7   1   3   1   
277 -3  -2  -1  3   9   2   3   1   
278 -2  -1  -1  1   2   1   -3  0   
279 0   0   1   2   2   -2  0   0   
280 -1  4   -2  1   -5  2   1   -4  
281 -2  -4  -5  -2  6   1   -2  -1  
282 -2  1   2   5   3   -2  -3  3   
283 1   1   -2  -5  -2  0   4   -1  
284 -4  2   0   0   -2  4   1   -2  
285 -2  -2  -1  -1  -12 -2  -2  -2  
286 0   -5  -5  -2  -2  -2  0   2   
287 5   0   -1  -1  -3  1   3   1   
288 -5  1   1   1   -1  0   3   1   
289 -1  -2  2   3   9   2   2   -2  
290 -4  -4  -1  -2  -2  -5  -4  -2  
291 -1  0   -5  0   -1  4   -2  0   
292 8   3   0   1   -4  -4  -2  1   
293 -2  -2  -5  -3  -5  -5  1   2   
294 -5  3   0   2   -1  -2  -5  -4  
295 -11 -8  -3  -2  -9  4   0   1   
296 -1  -1  -4  1   4   4   0   0   
297 -6  -3  1   2   3   0   1   -2  
298 -2  0   -1  -4  -6  -7  -2  -1  
299 -4  -2  -1  0   1   3   4   -3  
300 2   0   0   -1  1   -5  -4  -2  
301 7   3   1   -1  -4  1   1   1   
302 4   3   0   -2  0   1   -6  0   
303 -6  1   1   2   10  4   0   -1  
304 7   1   -1  1   2   -3  -1  -2  
305 0   2   4   0   -6  4   1   1   
306 -1  1   -1  0   -2  0   0   -1  
307 -3  2   2   0   9   1   2   0   
308 -2  3   1   -2  2   5   1   -2  
309 2   0   -1  -1  -9  -3  2   1   
310 2   -4  -6  -1  -3  -4  -3  0   
311 -4  2   -1  3   2   3   8   3   
312 0   -1  0   -4  -10 -2  2   5   
313 1   1   0   3   -7  -5  -3  -3  
314 -6  3   1   -1  18  5   0   0   
315 -10 -8  -5  0   1   -3  1   -1  
316 -4  -6  -4  -5  -7  3   2   0   
317 -4  4   4   2   -1  0   -1  -2  
318 -1  -2  -1  2   -1  -2  1   0   
319 -4  -2  -1  -3  -1  -5  0   0   
320 -10 -4  1   -1  -1  4   -2  -2  
321 5   0   -4  0   -6  -4  3   1   
322 -10 -2  1   5   -2  9   1   2   
323 0   3   1   2   8   3   1   5   
324 9   8   3   5   -8  -3  -2  -4  
325 1   -2  1   -3  6   -4  0   -3  
326 0   -8  -6  -7  -18 -9  -1  3   
327 -8  3   1   2   -3  -2  0   1   
328 -1  -2  -2  -2  -2  2   -1  0   
329 -1  -4  -4  0   7   1   -2  1   
330 -4  0   3   0   6   -6  -2  -1  
331 -1  -4  -3  -5  -8  -7  -2  -1  
332 -4  -4  -6  -3  1   4   -3  2   
333 5   0   2   2   -1  1   -1  -2  
334 2   -1  -2  -3  1   -5  0   -2  
335 3   0   -1  -1  3   1   1   -1  
336 -5  -6  -6  -2  2   -3  0   0   
337 0   2   5   6   6   10  4   -1  
338 2   -2  -2  0   6   1   0   -5  
339 1   0   -3  -2  -15 -9  -4  -2  
340 -4  -4  0   -1  2   8   0   -3  
341 4   2   3   3   5   2   2   1   
342 -2  -6  -4  -5  -12 -5  -4  -2  
343 -1  -6  -3  -7  -27 -7  1   0   
344 -3  1   0   -1  -2  -3  -1  -1  
345 5   -1  1   1   3   4   0   0   
346 -8  -2  -4  -5  -1  -5  -6  -3  
347 3   1   -2  -2  10  7   2   1   
348 -7  0   1   2   4   0   -5  -3  
349 0   0   2   1   -2  -5  0   -1  
350 0   -6  -3  -4  -9  -5  -1  -1  
351 1   -2  -6  -2  7   3   3   0   
352 -3  -4  -1  1   2   -1  -1  -1  
353 4   0   1   2   -4  3   0   1   
354 5   2   2   0   -1  -2  -2  3   
355 1   -1  -3  0   -2  0   -2  -2  
356 -3  -1  0   3   -2  -1  -3  -3  
357 0   -5  -3  0   -3  5   0   -1  
358 9   -3  1   1   -3  5   1   0   
359 3   -3  -3  -8  -20 -21 -8  -2  
360 10  -2  -2  -6  -16 -10 -1  0   
361 -5  -2  0   -1  0   -1  -3  -2  
362 6   -1  -1  0   -5  -8  0   -1  
363 -2  0   -1  1   0   -3  -3  0   
364 1   -5  -2  -4  -3  -5  -2  0   
365 -3  -2  -2  -2  -12 -4  1   -1  
366 -1  1   0   -3  -17 -10 -2  1   
367 5   4   2   3   7   3   0   1   
368 5   2   -3  -2  0   0   0   0   
369 6   -2  0   -5  -2  2   -2  -1  
370 -11 -4  -1  -2  1   -5  -1  -1  
371 2   0   -1  1   5   -1  -5  1   
372 -2  -2  -2  -3  1   9   3   0   
373 1   -1  1   1   0   -2  2   -2  
374 -4  -3  -5  -5  -2  1   0   -1  
375 0   -4  -4  -3  1   3   1   -1  
376 -3  -5  -4  -2  -2  0   -1  0   
377 13  1   2   3   2   0   0   -2  
378 -1  -3  -1  -1  -1  -1  1   -1  
379 -12 0   -1  1   0   2   2   0   
380 7   -6  -8  -8  -7  -9  -2  -3  
381 -3  -5  -5  -2  0   3   3   1   
382 -2  3   2   4   2   -1  0   -2  
383 2   0   -3  -4  -3  -4  -1  0   
384 -2  -3  -2  0   2   0   -1  0   
385 0   -9  -4  -2  -2  0   -1  0   
386 -5  -4  0   -2  -1  3   1   -2  
387 -1  0   -1  -1  -1  -5  1   -2  
388 -2  -3  -4  0   2   0   -2  0   
389 1   -4  -4  -5  -3  1   -2  -1  
390 -2  0   0   3   2   6   1   2   
391 -2  2   4   5   2   0   -2  -2  
392 0   0   -1  0   -4  -5  0   0   
393 -1  -4  -5  -4  -6  -8  -5  -2  
394 -4  -3  1   0   1   2   0   1   
395 -3  -6  -7  -3  0   3   1   2   
396 16  3   3   4   -3  -2  -3  -3  
397 1   4   3   1   -1  -4  -2  -2  
398 0   3   1   1   1   5   0   0   
399 0   0   -2  -1  1   1   -3  0   
400 -4  -5  -3  -2  1   0   1   -1  
401 -2  -1  -3  -1  -1  -4  -3  0   
402 -5  -3  -2  -2  -2  -2  0   1   
403 2   0   1   -2  1   -1  0   1   
404 8   3   5   1   1   1   2   -1  
405 2   -6  -4  -3  -3  2   -1  0   
406 -4  -3  -2  -4  -1  -3  -1  -2  
407 -4  -1  1   -4  1   -7  -2  -3  
408 1   1   2   1   -2  -1  -1  -1  
409 0   0   -1  -1  -1  3   -1  1   
410 -14 1   -3  -2  -1  -1  -2  1   
411 -1  2   4   0   -3  -3  -1  -1  
412 -9  -2  1   -1  1   2   -2  0   
413 -1  -1  -3  0   -2  -4  -2  1   
414 2   -2  -5  -1  2   3   1   -1  
415 -1  -5  -2  -3  -3  0   -1  -1  
416 -2  -2  -2  -4  -2  0   2   0   
417 1   -2  -3  -3  -1  -6  -1  -1  
418 -1  -2  -3  -1  2   -1  -1  -1  
419 -5  -1  -3  0   -3  -1  -1  0   
420 1   -3  1   -2  -3  -2  -1  -1  
421 -14 -1  4   2   1   2   -2  -2  
422 6   0   -4  -4  -3  -3  -4  -1  
423 3   0   -1  -2  -1  1   0   2   
424 -3  -3  -2  0   0   1   -1  0   
425 6   1   -2  0   -6  -4  0   0   
426 -4  -1  -1  -3  -2  -1  -3  -2  
427 -1  3   -1  0   -1  -2  -1  -2  
428 -1  -3  0   0   0   6   0   -1  
429 -2  -3  -2  -1  -2  -2  -1  -1  
430 2   0   -5  -2  0   -2  -3  -1  
431 2   -3  0   -1  4   -2  0   -3  
432 0   -1  2   0   -4  -3  0   -1  
433 4   -2  -1  -2  -2  -2  0   -1  
434 -8  2   0   1   3   3   2   2   
435 -2  0   1   0   -1  1   -3  -2  
436 3   -2  -2  -3  -3  -4  0   -1  
437 -7  -3  0   0   -1  -4  -2  -2  
438 -4  -2  -3  -3  0   2   3   0   
439 0   -3  -1  -4  0   -2  -3  0   
440 1   3   1   0   0   -2  -2  -2  
441 -2  1   0   1   -1  3   0   0   
442 -2  0   -3  -3  -4  -5  -2  -2  
443 -3  1   1   -1  -1  3   1   -1  
444 0   0   1   -2  -2  -1  -4  0   
445 -1  -6  -2  -2  0   0   -1  0   
446 -1  1   -3  -3  -2  -3  -4  1   
447 -1  3   -1  1   -4  -6  -3  -1  
448 -2  -5  -4  -2  0   2   1   -2  
449 -1  4   1   2   5   1   -1  -1  
450 6   3   3   2   -7  -2  0   0   
451 -3  -1  -2  -5  -7  -8  -3  -3  
452 -3  -3  0   3   1   1   0   4   
453 -9  -3  0   -1  1   3   0   1   
454 1   -4  -3  -4  -10 -2  -1  4   
455 11  -7  -7  -9  -41 -47 -7  1   
456 2   5   4   3   8   10  2   -6  
457 3   1   -2  2   -6  -10 -5  -6  
458 -4  -4  -2  -3  -12 -5  -2  0   
459 -1  2   0   -5  -17 -16 -5  -4  
460 -7  -5  -3  -3  -2  -1  1   -2  
461 6   3   3   5   10  15  4   16  
462 -7  -4  0   4   13  17  2   4   
463 2   4   2   4   6   6   -3  -11 
464 5   4   2   7   17  12  2   1   
465 -11 -9  -8  -5  1   -4  -3  -1  
466 -6  -1  -1  4   19  24  5   2   
467 -7  -9  -7  -6  -3  -2  -2  -3  
468 2   4   3   2   8   10  1   -6  
469 -10 -6  -3  -5  -1  -4  -4  -8  
470 -3  0   -2  -1  -3  -2  1   -5  
471 -4  1   5   3   2   -4  -1  -1  
472 -5  -3  -2  -2  3   3   1   -1  
473 -8  -5  -7  -3  -4  -3  -1  -15 
474 -1  0   -1  0   5   5   3   7   
475 0   4   0   -1  -10 -17 -7  -1  
476 1   1   3   0   1   0   0   -1  
477 0   -5  -2  -2  2   5   1   -3  
478 -4  0   0   0   2   3   0   -2  
479 -1  0   -2  -5  -18 -15 -4  -1  
480 2   1   2   0   -3  2   -1  -2  
481 1   -4  -4  0   12  12  0   -4  
482 11  -1  -1  1   3   0   1   11  
483 4   -5  -4  -4  -2  -5  -5  -3  
484 2   -2  0   -3  -26 -23 -1  2   
485 3   0   0   -1  0   0   1   -4  
486 -5  -1  1   1   7   8   -1  -2  
487 -4  -5  -3  -1  3   -1  -1  4   
488 -3  0   -1  1   12  7   1   -1  
489 2   3   2   2   -3  -4  0   -1  
490 -4  -1  4   1   -5  -3  -2  0   
491 -3  -7  -6  -4  -3  -3  -2  2   
492 5   -1  -1  0   1   2   1   1   
493 -5  2   -1  0   0   3   2   -5  
494 6   -1  -2  0   -2  -3  -1  -2  
495 1   2   2   0   -6  -5  -3  -1  
496 -3  -1  2   1   0   -3  0   -3  
497 -5  -1  -3  -2  6   -3  -5  -1  
498 1   -3  -2  0   3   -2  -1  0   
499 -1  1   1   -1  -4  -1  0   -1  
500 -6  -6  -3  -1  3   0   0   -1  
501 -4  1   0   -3  1   1   -1  -4  
502 -2  -3  -1  -2  2   -3  -1  -3  
503 -9  -1  0   0   9   12  2   5   
504 -1  3   2   2   2   3   0   0   
505 11  2   1   1   7   5   1   -2  
506 -7  -5  -2  -4  -4  -4  -1  1   
507 0   -4  0   1   -2  -1  -2  2   
508 -7  -5  -5  -6  -6  -4  -3  -6  
509 -7  -5  -5  -6  -11 -10 0   -14 
510 0   1   -2  0   -8  -1  -1  5   
511 -4  -6  0   -2  2   2   1   -3  
512 7   3   3   2   5   5   0   2   
513 8   0   2   3   -5  -3  1   4   
514 -7  3   3   2   2   -7  -2  -7  
515 -12 -1  -3  -2  3   4   1   3   
516 -3  1   -2  -1  3   0   -1  -8  
517 -3  -4  -3  -1  1   0   -1  -3  
518 -3  -1  -1  0   2   1   1   0   
519 -17 -6  -1  1   -2  -3  -1  -5  
520 2   5   6   2   -2  -1  -1  -1  
521 -7  -5  -5  -8  -8  -8  -4  0   
522 5   4   1   -3  -7  -4  -1  0   
523 -19 -5  -2  -3  6   5   -3  -3  
524 1   -5  -5  -1  -5  -6  0   8   
525 1   -1  -1  4   9   9   0   2   
526 1   0   3   2   2   3   0   2   
527 9   5   0   -2  -2  -4  -4  -7  
528 10  0   -1  -3  -4  0   -1  1   
529 2   4   3   5   8   7   3   5   
530 4   2   -1  -5  -9  -13 -6  0   
531 1   -5  -3  -2  -3  0   2   6   
532 -3  1   -3  -2  -5  -6  -1  4   
533 2   -1  -5  -2  -1  1   -2  -4  
534 2   1   4   6   7   4   1   -2  
535 13  3   1   -3  -15 -14 -5  4   
536 -2  0   0   0   -1  -1  -3  -7  
537 -6  -1  -1  -5  -5  -8  -6  -25 
538 -4  -5  -3  -2  3   3   0   0   
539 -9  -1  -6  -7  -14 -10 -4  0   
540 1   -2  0   -2  -6  -6  -3  3   
541 -1  0   0   0   -1  -1  2   -2  
542 -1  -2  -1  2   8   2   0   1   
543 3   -1  1   2   -7  -5  -1  -3  
544 -3  1   0   1   3   8   1   -3  
545 -5  -1  -1  -1  10  5   -1  -14 
546 14  1   2   0   -3  -3  -2  3   
547 -9  -5  -4  -1  -3  -2  -1  -1  
548 -5  -3  1   -1  0   -1  0   3   
549 10  1   0   0   0   3   1   1   
550 3   0   -3  -13 -31 -13 -19 -2  
551 1   3   -1  -1  4   7   14  3   
552 4   4   -1  1   1   -5  8   0   
553 1   -5  -2  -1  -4  -3  -15 -4  
554 2   1   -3  -3  -1  0   6   -1  
555 -1  -1  -3  -1  2   0   -5  -2  
556 -7  -4  -1  -2  1   4   -1  0   
557 1   2   1   0   4   3   3   0   
558 -1  0   -1  -2  1   2   -8  2   
559 0   -1  -2  -2  -4  -3  -6  -1  
560 -2  -2  -4  -2  -1  0   2   -4  
561 1   -5  -3  -5  -2  -4  0   1   
562 0   -2  -4  -5  -6  -3  -1  0   
563 -4  -3  -1  -1  0   -2  1   -2  
564 -3  -2  -4  -3  -6  -8  -5  -3  
565 2   -2  -3  0   -1  0   3   2   
566 -3  -2  -1  0   1   5   2   -1  
567 -4  -1  3   -1  3   6   0   1   
568 -3  -3  -3  -3  -1  1   2   0   
569 0   0   -2  -1  0   -1  -5  -3  
570 -2  -3  -4  -3  -3  -3  2   -1  
571 -4  -3  -1  1   0   -1  -2  -1  
572 0   -1  -2  0   1   3   0   0   
573 -3  -1  0   -1  -3  -5  -3  -2  
574 1   -1  0   -3  -3  -2  0   0   
575 -3  -2  -4  -4  0   -1  0   1   
576 5   5   1   0   0   -2  0   -1  
577 -4  -4  -2  -1  0   -2  0   -1  
578 -4  -7  -3  -3  -3  -1  -2  -1  
579 6   2   -1  1   0   0   0   -1  
580 5   2   -1  -2  -1  6   -1  -2  
581 -6  -4  -2  -2  -2  -1  2   -1  
582 -3  -3  1   2   2   4   0   -2  
583 0   -1  2   -3  -6  -7  -3  -2  
584 -2  -2  -4  -4  -4  -1  1   0   
585 -3  -4  -2  -3  -5  -8  -3  -3  
586 -2  1   1   0   -1  0   -2  0   
587 -2  0   0   2   0   5   2   0   
588 -4  -2  1   2   4   2   1   0   
589 -5  1   -1  -2  -4  -4  -2  -1  
590 0   4   -1  -2  -4  -4  -2  -1  
591 0   0   0   -3  -1  1   1   0   
592 2   0   -2  -4  2   0   1   2   
593 -1  0   -1  1   -2  -1  -2  -1  
594 0   1   -1  -1  -1  -2  0   -2  
595 -2  -2  -2  0   -1  -3  0   1   
596 1   -1  0   0   -2  -3  -3  0   
597 -1  2   -1  -1  -3  -3  -1  -2  
598 -1  -4  -2  -1  0   1   -1  0   
599 2   4   0   -1  -2  -3  -2  -3  
600 1   2   -1  0   2   -1  -4  0   
601 3   -1  -4  -3  -2  -4  -4  -3  
602 -6  0   0   1   1   6   1   2   
603 2   2   0   -1  0   -3  -3  0   
604 -1  -3  -2  -1  1   2   0   -1  
605 3   -2  -4  -1  0   -1  1   2   
606 -1  -3  -3  -1  -1  1   -2  0   
607 -2  -4  -5  -4  0   -1  0   1   
608 0   -1  1   0   -3  -2  0   -2  
609 -1  -2  -2  1   0   1   1   -1  
610 1   -3  -2  0   -2  0   0   -2  
611 4   0   1   2   1   2   3   2   
612 -7  -4  1   0   -3  -4  -1  -3  
613 1   4   6   3   0   -2  -1  0   
614 0   -4  -4  -5  -4  -2  1   -1  
615 8   9   8   3   -1  -1  -3  0   
616 8   9   8   4   -2  0   -1  0   
617 -3  -5  -7  -6  -3  -3  -1  -2  
618 0   0   2   3   0   4   0   -2  
619 -3  -1  -4  -4  0   -2  -1  0   
620 -3  0   0   2   -1  -2  0   1   
621 5   4   1   2   1   0   -2  -2  
622 0   -2  -3  -3  -4  -3  -1  -2  
623 1   -2  -3  -2  2   -2  -1  1   
624 5   -3  -1  -1  -4  -4  -3  -2  
625 -2  1   1   3   4   2   0   1   
626 1   -1  1   3   4   3   -1  1   
627 -9  -5  -2  -4  -1  -2  -2  -1  
628 -6  -1  -2  -4  -7  1   -2  -2  
629 -8  0   0   -2  -4  -2  -2  -3  
630 2   -2  -4  -1  1   -2  -2  -2  
631 -11 -4  0   -2  -4  -5  -2  -3  
632 0   4   2   2   -2  -1  -1  -1  
633 2   -6  -5  -4  -1  1   0   0   
634 4   2   1   -1  1   4   0   1   
635 -1  0   -2  -1  -1  0   0   0   
636 2   -1  -3  1   -1  -1  0   -1  
637 -3  -3  -4  -3  0   1   2   -1  
638 8   -3  -2  0   -3  -1  0   -1  
639 -2  0   2   1   1   0   -3  -2  
640 -11 -6  -3  -2  -4  -4  -3  -2  
641 7   4   2   2   4   1   -1  0   
642 1   2   1   2   0   5   -1  -3  
643 6   2   -2  -2  -2  -2  5   4   
644 -6  -3  -1  2   2   6   6   -1  
645 2   4   3   2   1   0   1   -2  
646 -1  1   3   -1  -1  3   5   -2  
647 -4  -4  -6  -7  -12 -6  -5  1   
648 -1  -2  0   -2  1   -4  -6  -6  
649 -4  0   -2  0   -2  -3  0   0   
650 2   -3  -2  -3  -1  -7  -1  -1  
651 5   1   -3  -4  -1  -1  1   -1  
652 0   -2  0   1   4   -2  -9  -2  
653 -21 -5  1   1   -1  -6  -1  0   
654 1   1   1   1   1   3   3   -1  
655 -3  -3  -4  -5  -8  -4  -1  -2  
656 -7  -6  -6  -4  -2  -1  0   -1  
657 -3  0   -2  0   -1  1   0   -3  
658 1   5   9   6   3   -4  -5  -2  
659 -2  1   1   -2  0   2   1   -3  
660 -7  -2  -4  -4  -1  -5  -3  0   
661 6   0   -1  -1  2   2   1   2   
662 -3  -2  -3  -3  -1  -1  0   -1  
663 -1  -3  -2  -2  -3  -4  -6  -1  
664 -4  -3  0   0   0   -1  0   -2  
665 0   -2  -3  -4  -5  -9  -4  -2  
666 3   -1  2   2   2   0   -1  0   
667 4   -2  -4  -4  -7  -5  -2  0   
668 1   -4  -6  -3  -1  -1  -3  -1  
669 7   -1  1   0   0   1   3   -1  
670 -5  -2  -7  -3  -4  -8  -9  -3  
671 -4  -1  -2  0   -4  1   0   1   
672 1   3   3   2   -1  5   3   -1  
673 0   2   0   3   4   5   -2  -1  
674 -1  -2  -2  -4  -2  -3  0   -2  
675 -4  0   2   2   2   -1  2   0   
676 2   2   5   1   0   -4  -1  -1  
677 0   -3  0   2   3   5   2   1   
678 3   -3  -4  -1  -1  -5  0   1   
679 -5  -2  -3  -2  2   4   1   0   
680 -1  -2  1   0   -5  -7  -2  -3  
681 2   1   0   0   0   2   0   -1  
682 4   1   1   4   2   0   -1  -2  
683 -1  3   -1  -2  -5  -5  -2  -3  
684 -2  -3  0   2   3   7   1   0   
685 -2  0   -1  -3  0   -4  -1  1   
686 2   -2  -2  0   0   0   -3  -2  
687 4   -3  -4  -5  -4  0   2   1   
688 1   0   0   3   4   1   0   -1  
689 -2  -1  -2  -2  -3  -3  0   -1  
690 3   -3  -4  -1  -2  -1  -1  4   
691 2   -1  -3  -3  -2  4   0   1   
692 -1  -3  -3  -3  -4  -2  -1  0   
693 -5  -2  -4  -1  -1  0   2   0   
694 1   1   3   1   -1  1   1   1   
695 0   -2  -1  -1  -8  -8  -3  -3  
696 0   0   -3  -1  1   0   0   0   
697 1   -2  -2  -2  -2  4   3   1   
698 -5  0   0   2   2   0   -1  -2  
699 -7  -2  1   -1  -10 -8  -4  0   
700 -11 -6  -5  -7  -11 -10 -3  -3  
701 -2  -4  -3  -1  2   6   4   2   
702 2   -4  -4  1   2   0   1   0   
703 1   -2  -2  -1  2   1   1   -1  
704 2   2   1   0   -4  -5  -2  -2  
705 -1  -3  -3  0   -2  -3  -3  -1  
706 -1  -7  -5  -4  -2  -2  0   -1  
707 1   0   -3  0   2   3   2   1   
708 0   -5  -5  -2  0   -3  -2  -1  
709 2   1   3   2   1   5   1   0   
710 -2  -2  1   0   -3  -4  -3  -3  
711 2   3   1   1   -1  -1  -2  0   
712 1   -1  -3  0   -2  -2  -2  0   
713 -3  -2  -2  0   -1  -5  -3  0   
714 -3  3   1   0   0   1   -2  -1  
715 -5  -2  0   -1  0   0   -2  1   
716 -4  -5  -4  -2  -2  -3  -2  -2  
717 -5  -7  -6  -4  -4  -5  -3  3   
718 -2  -4  -4  -3  1   -1  -3  -1  
719 -6  -1  -1  0   -1  -1  0   -2  
720 -6  -2  0   -1  -1  -1  -2  -3  
721 -1  0   -1  0   3   3   2   1   
722 -3  0   -3  -4  -2  2   -2  -1  
723 -3  -5  -5  -5  2   1   2   1   
724 0   0   3   1   1   2   1   0   
725 1   -1  -4  -4  0   1   1   1   
726 4   2   1   1   2   7   0   0   
727 -12 -1  2   -1  -1  -4  -4  -2  
728 -3  -3  -2  -1  0   0   -2  0   
729 5   1   1   2   -1  0   -1  -2  
730 2   -1  -3  -3  -3  -5  -3  -1  
731 -3  -5  -3  -2  -1  1   -1  3   
732 -2  -2  0   -1  -6  -2  -2  -3  
733 1   0   -4  -1  -2  -2  -6  -3  
734 -2  -2  -3  -3  -3  -2  -1  -3  
735 -1  -4  -3  -2  -2  0   0   -1  
736 1   -2  -6  -4  0   1   0   -1  
737 3   0   0   -2  -5  -7  -2  1   
738 2   0   2   -1  1   2   0   -2  
739 2   -1  -1  -1  -3  1   -3  0   
740 -4  -3  -1  -2  -1  -3  -2  0   
741 9   2   -1  2   -2  0   -4  0   
742 -2  1   2   2   3   1   -1  -1  
743 0   -2  2   -1  2   3   0   0   
744 0   -5  -7  -3  5   -1  -4  -2  
745 -9  -4  -4  -1  -1  -9  -6  -3  
746 3   0   -1  -2  -2  -2  -4  -1  
747 4   4   3   -1  -8  -9  -4  -3  
748 -2  -5  -2  -3  -1  -2  -12 -4  
749 -2  -3  -1  -1  -6  -7  0   1   
750 -2  3   3   3   1   3   -1  -1  
751 2   1   -2  -1  0   -1  1   -2  
752 -2  -3  -1  -3  -4  -5  -4  -2  
753 -4  3   4   3   0   1   -1  0   
754 -10 -1  -3  -1  -2  -1  -1  1   
755 0   -6  -3  -3  -2  -4  1   -1  
756 1   0   2   -2  -4  -4  -2  -2  
757 -3  1   0   -1  0   -1  -2  -3  
758 15  2   3   3   5   5   3   4   
759 -4  -1  -2  -4  -8  -4  -3  -2  
760 -4  -2  0   0   0   7   1   -3  
761 -5  -2  -4  -5  -2  -1  0   -2  
762 0   -2  -3  0   4   4   1   0   
763 5   -2  -3  -1  0   1   1   0   
764 2   0   1   1   2   -3  1   -1  
765 -2  1   2   1   -1  -3  -4  1   
766 1   3   4   1   -2  1   0   -1  
767 -2  -2  -2  0   0   1   1   0   
768 -3  -4  -4  -2  3   5   3   3   
769 2   -1  1   0   2   2   0   -1  
770 -2  -3  -5  -3  -6  -11 -4  -4  
771 3   5   6   3   2   1   -1  -3  
772 -4  -3  -5  -4  -2  2   1   -1  
773 1   0   0   -2  -2  -2  -2  -1  
774 0   -1  1   -1  -2  -7  -1  -5  
775 -1  -3  -2  -2  -3  -2  -2  0   
776 0   0   2   3   3   3   -2  0   
777 -4  -2  -3  -4  -5  -8  -3  -1  
778 0   -3  -1  -2  -1  -1  0 