
1 0   0   0   0   0   0   0   0   
2 0   0   0   0   0   0   0   0   
3 0   0   0   0   0   0   0   0   
4 3   0   1   0   -1  1   4   -1  
5 -4  0   0   -1  0   -1  -2  0   
6 6   0   -1  1   5   2   0   -1  
7 -2  3   3   2   0   1   5   1   
8 0   1   -3  -2  0   -2  -2  0   
9 6   -1  -5  -4  1   -1  1   -2  
10 2   3   5   5   2   1   1   0   
11 6   -1  -2  -1  -2  1   4   2   
12 2   -1  1   1   -1  3   -2  -1  
13 -6  -3  1   0   1   0   -2  0   
14 0   -3  -1  -2  -1  -1  2   -1  
15 -3  -4  -5  -4  -1  -3  -1  -1  
16 -6  1   -1  -2  0   2   1   -5  
17 -2  0   0   -1  -2  -1  -1  -2  
18 13  -1  -2  0   -1  0   -2  -2  
19 2   -1  -3  -3  -3  -2  -1  -1  
20 22  0   1   0   0   -1  0   0   
21 -5  -2  -4  -3  -4  -2  -2  -2  
22 -1  5   1   1   1   2   0   1   
23 -6  -2  -2  -4  -4  -4  -3  -3  
24 1   -4  -5  -3  -3  0   -2  -3  
25 6   1   0   -2  -2  -2  -2  -1  
26 -7  0   0   1   0   0   0   0   
27 8   -6  -6  -3  -1  2   0   0   
28 3   0   -1  0   0   -1  -2  -1  
29 -7  -1  0   -3  -5  -7  -4  -3  
30 -5  3   1   3   -1  0   0   0   
31 1   -1  2   1   -2  -2  2   -2  
32 4   -1  -1  -1  0   1   0   -1  
33 -6  2   1   -1  3   2   1   -2  
34 2   -2  -1  1   0   0   0   0   
35 -12 -1  -3  -2  -2  0   -2  -1  
36 -7  -7  -3  -2  -1  -1  2   2   
37 1   4   5   2   1   0   0   0   
38 -2  1   -1  -1  -2  -3  -1  -3  
39 1   1   0   1   -1  -2  0   -2  
40 -2  -1  -3  -2  1   1   0   0   
41 -2  5   1   0   -1  1   0   0   
42 0   1   -1  -2  -1  0   -1  -3  
43 -5  -2  -2  -1  -2  -3  -4  -1  
44 1   0   1   0   -1  -2  0   -2  
45 -6  -2  -3  0   0   3   0   0   
46 2   0   2   2   -1  1   0   0   
47 -4  -2  -1  -2  -1  -1  1   -1  
48 0   -1  1   2   2   2   -2  -1  
49 2   -2  1   1   0   0   0   0   
50 -23 -1  -2  0   0   -1  0   -2  
51 -3  -3  -1  -2  -3  -5  0   0   
52 0   2   -1  1   -1  0   1   0   
53 11  0   -1  0   0   -1  1   0   
54 2   0   1   1   0   1   1   0   
55 6   3   4   4   2   1   1   0   
56 -18 8   3   -1  3   1   1   0   
57 -9  -8  -3  -1  0   4   0   -1  
58 -6  -4  -2  -1  -2  -5  -1  -2  
59 -3  -1  2   1   2   -1  -3  -1  
60 2   0   1   1   -1  -1  -1  -1  
61 3   2   -1  0   -1  -1  0   -2  
62 -6  0   1   1   -2  -5  -1  -1  
63 5   -1  -1  -1  -1  1   -3  0   
64 2   -3  -2  -1  -2  -4  -3  -3  
65 0   -3  -2  -2  -3  -2  -2  -2  
66 -1  -2  -1  0   1   2   -3  2   
67 4   -3  0   1   -2  0   -1  0   
68 30  3   1   -1  -3  -1  -1  -3  
69 -22 -3  -2  -1  -1  0   1   -1  
70 9   -5  -2  0   1   0   0   0   
71 -5  -4  -4  -3  -2  -1  2   -1  
72 -5  -5  -3  -2  0   0   -2  0   
73 -4  -1  0   1   2   4   1   -2  
74 3   0   -1  -2  -2  -3  -1  -2  
75 -3  0   2   -1  -1  -2  -2  -2  
76 -6  -2  -4  -4  -3  -1  0   0   
77 1   -5  -3  -2  -2  0   -2  -1  
78 -1  -1  1   1   1   -1  1   0   
79 -5  1   -1  -2  -2  0   -1  -2  
80 -10 1   1   0   0   0   -1  -1  
81 4   0   -1  -2  -3  -2  -3  -2  
82 -6  -3  -3  -3  0   -7  -6  -2  
83 -14 -7  -3  -4  -1  -4  -2  -2  
84 2   -5  -4  -2  -2  -2  -1  -3  
85 -6  -2  -2  -4  -6  -2  3   -5  
86 -4  -3  -2  -10 -60 -9  3   -5  
87 -17 -7  -2  5   7   5   -8  -24 
88 4   -5  -1  13  34  18  5   12  
89 -17 -5  -3  5   14  14  14  10  
90 5   1   -2  -19 -22 -10 -7  13  
91 -5  -3  3   17  25  -8  -14 -12 
92 -6  -2  -3  -14 3   -6  -11 -11 
93 8   1   -1  -13 -70 -7  -17 7   
94 -2  -6  -1  -2  -4  -14 4   6   
95 -13 -2  -3  8   34  -6  6   -27 
96 -5  -4  -3  -9  -25 -4  -3  -4  
97 8   1   -1  -18 -5  -5  2   9   
98 3   -3  0   10  29  -7  0   2   
99 13  7   2   11  32  -5  -4  5   
100 -14 -5  -2  -5  -11 -3  -12 1   
101 -13 -2  -2  -16 -44 -15 -4  -10 
102 3   -2  -4  -10 -15 -3  -3  2   
103 9   -5  -2  -5  -6  9   3   9   
104 -14 -5  -2  -5  3   6   3   10  
105 -2  -2  -2  5   17  -7  2   -9  
106 1   2   1   -5  -22 -7  5   3   
107 -8  -3  -4  2   2   0   0   -6  
108 1   -3  -3  -11 -12 -1  -6  -10 
109 23  2   -3  -1  8   -4  -5  11  
110 6   0   -1  -7  -28 0   -4  5   
111 14  8   2   -1  1   8   5   7   
112 -14 3   1   14  58  11  2   -5  
113 9   0   -1  -11 -18 -7  -11 1   
114 11  1   -1  -8  -1  -3  6   4   
115 -8  1   1   6   12  7   -1  -2  
116 14  3   -2  0   -15 -5  0   14  
117 -3  -8  -6  -10 -15 -3  1   -1  
118 -8  -6  -4  5   13  0   -12 -6  
119 4   0   -3  8   16  3   0   -4  
120 1   -1  -1  -14 -52 -5  -4  5   
121 -10 -2  0   -2  0   0   -1  1   
122 -1  0   2   4   -1  -2  -2  -13 
123 -18 -1  3   18  35  10  5   -9  
124 -3  1   -1  1   3   -4  -7  -2  
125 0   -2  1   4   8   0   -7  1   
126 -1  -2  -5  -19 -30 -1  5   14  
127 -9  -4  1   -11 -12 -9  4   0   
128 21  2   1   -25 -71 -9  5   6   
129 4   -5  -4  2   13  3   5   5   
130 -7  -4  -7  -15 -14 -3  -3  2   
131 9   -3  5   -2  -3  1   7   5   
132 2   -1  -3  -14 -15 -1  3   -11 
133 4   -4  -2  9   27  -2  3   -8  
134 2   1   0   6   27  3   6   0   
135 0   2   -2  -5  -28 -2  -1  6   
136 -12 0   5   24  68  5   6   -21 
137 -3  -1  1   -1  -12 3   -5  2   
138 -5  -8  -10 7   43  4   -1  0   
139 8   1   1   -6  -18 -1  -2  -2  
140 5   1   1   -7  -9  -1  -2  -1  
141 -8  -5  -4  4   21  -3  3   10  
142 1   1   -2  -16 -27 -8  8   14  
143 -3  -8  -4  -11 -30 -7  -4  -3  
144 9   2   1   -1  -3  -3  -2  4   
145 3   0   -2  5   19  4   -1  -11 
146 6   4   0   1   11  1   -3  9   
147 22  5   -1  -2  -4  2   6   14  
148 15  -2  -1  -5  -18 -5  -6  -6  
149 -11 -4  -2  -2  -8  3   0   -12 
150 1   -4  -3  -1  -10 -4  -2  -2  
151 13  1   1   -13 -29 2   8   -3  
152 1   1   0   7   21  3   2   1   
153 20  1   2   7   14  4   -3  -5  
154 -8  3   2   -3  -10 -5  -6  -6  
155 -2  0   -2  -5  -10 -7  1   -6  
156 -1  -1  1   1   8   3   -1  -4  
157 -10 -5  -1  -2  -5  -1  0   -7  
158 -4  -5  -1  -13 -27 -4  4   2   
159 -10 -2  0   -3  -4  0   -4  -2  
160 -8  -4  3   16  26  9   1   -12 
161 -1  0   -3  -1  5   6   1   0   
162 2   0   -2  -12 -15 2   -1  1   
163 -7  1   -3  -7  7   6   0   12  
164 -4  -2  0   -9  -31 -5  5   1   
165 9   2   0   6   43  4   -3  8   
166 6   0   0   3   10  1   -3  2   
167 17  9   -3  -1  -7  -2  1   5   
168 -2  -2  -3  1   16  -7  -4  -1  
169 5   -1  -6  -19 -21 -5  -14 3   
170 -8  -1  -1  -4  -6  -3  2   2   
171 2   3   3   2   5   8   3   4   
172 -4  -6  2   26  42  6   -9  11  
173 4   0   -5  -34 -84 -15 -5  2   
174 -7  0   0   -10 -16 -2  4   -2  
175 6   4   1   -5  -23 -5  5   -4  
176 -9  2   -1  -9  -38 -4  6   9   
177 -3  0   -2  -6  -24 -3  -7  -1  
178 7   -5  -5  -22 -43 -11 -9  1   
179 0   0   1   14  35  9   -8  0   
180 -7  -1  -2  -3  3   -1  -2  2   
181 -10 -3  -1  7   15  7   -3  3   
182 -15 -2  0   4   12  -2  2   -10 
183 6   0   1   2   13  -1  -3  7   
184 -5  -2  -4  -7  -15 -3  7   5   
185 18  -4  0   14  29  10  -1  -7  
186 4   -2  -3  -11 -10 2   1   -3  
187 -2  1   1   -8  -20 -1  9   10  
188 -2  -3  -3  2   4   5   0   -7  
189 4   -1  1   14  36  7   6   -3  
190 7   1   -3  3   7   -6  -2  4   
191 1   2   -1  1   9   -1  1   -13 
192 -5  3   -2  -8  -11 -4  -6  -2  
193 -12 -6  -1  -1  -2  -2  -5  -4  
194 2   -4  -4  -15 -17 -5  4   0   
195 7   2   1   4   9   -1  1   -4  
196 -3  -3  -1  1   -1  3   -3  0   
197 -10 -2  3   4   12  2   0   -4  
198 -32 -8  -4  -4  -9  -2  -28 -9  
199 -1  -1  -1  -4  -1  -4  0   -3  
200 18  3   -1  -3  -6  -3  0   3   
201 -7  -8  -4  -7  -5  -4  -10 -4  
202 -12 -2  -1  -2  -3  1   1   0   
203 8   1   -1  0   -3  -1  -1  -2  
204 15  0   -1  -1  2   -1  -2  0   
205 -5  -3  -3  -3  -7  -3  0   0   
206 -1  -5  0   0   -1  4   -2  0   
207 -12 -3  2   0   -2  -11 -2  3   
208 10  1   0   2   1   1   1   1   
209 -4  -1  -1  2   2   1   -2  -1  
210 17  -3  -2  -2  -2  8   -3  -1  
211 -9  -5  -5  -4  -8  -9  -5  5   
212 -4  7   1   -3  -5  4   -11 -5  
213 5   3   2   0   -3  -3  8   -1  
214 -5  -4  -7  -9  -7  19  -1  -2  
215 -9  -2  -3  -3  -8  -7  -3  -3  
216 -9  -2  3   -1  -9  -12 -4  0   
217 7   4   -4  -1  -2  5   0   -4  
218 -8  2   0   1   1   0   -4  -1  
219 19  1   -1  0   -3  0   -4  -1  
220 -5  -2  -3  -4  0   1   0   -2  
221 6   -4  -1  2   3   1   1   2   
222 6   -2  0   -1  -1  6   -2  -3  
223 -2  1   -1  1   -1  -2  0   -2  
224 -27 -8  -4  -1  1   -3  -4  -2  
225 -9  -5  -5  -2  0   -5  -1  0   
226 3   -3  0   -1  -1  2   3   -1  
227 6   -2  -3  -3  -2  0   1   -1  
228 10  14  -1  -3  -5  1   -3  -1  
229 -7  -5  -2  -1  -2  -10 -5  -1  
230 -6  -6  0   0   0   -2  -1  1   
231 -6  -3  -1  -2  -7  -12 -5  -3  
232 0   -5  -4  -4  -3  -6  -3  0   
233 6   9   2   -1  0   -2  -1  1   
234 -6  -3  -1  -1  -3  -4  0   0   
235 -2  -1  -1  2   2   4   1   0   
236 -11 -2  -1  -2  -2  -3  -3  1   
237 0   4   2   0   -1  -3  0   -1  
238 -1  -7  -5  0   0   3   2   2   
239 -16 -7  -3  -1  -1  -1  -1  -3  
240 -4  -2  -3  -2  1   5   5   1   
241 -6  11  5   -3  -2  3   1   0   
242 9   5   2   3   5   13  -1  0   
243 9   0   2   0   1   14  2   1   
244 -7  -5  -2  0   -1  3   1   -1  
245 8   2   0   0   0   -1  1   -1  
246 -6  1   0   -1  -2  -4  -1  0   
247 0   -2  -4  -3  2   8   2   1   
248 5   -1  -1  -2  -1  -3  1   -1  
249 5   -6  -4  -5  0   -1  -2  0   
250 -4  -1  -3  -1  -1  4   0   0   
251 6   -2  -1  0   0   5   -1  -1  
252 -11 -1  -1  -3  -4  -9  2   -1  
253 -4  -4  -1  1   3   0   -3  -2  
254 0   0   0   0   0   3   -1  -1  
255 -4  -1  -2  -1  -5  -2  -2  -1  
256 2   1   -3  -2  -3  -2  0   0   
257 -2  1   1   1   0   0   1   -1  
258 -2  -4  -2  -1  0   2   0   -2  
259 3   -2  -5  -2  -2  -3  0   2   
260 -2  0   3   3   3   4   1   1   
261 -1  -2  -1  -2  -2  -5  -1  -2  
262 8   -2  -1  -6  -9  -4  -2  -2  
263 -20 -1  6   2   4   3   -2  0   
264 -7  -1  3   1   -2  -7  -2  -3  
265 4   -1  1   2   0   2   1   -1  
266 3   -4  -4  -4  -2  1   1   -1  
267 -2  -1  0   -3  -1  1   -1  -3  
268 -2  1   1   0   1   2   0   -1  
269 -4  -1  -3  -2  -3  -3  0   -1  
270 5   -1  -3  -2  -2  4   0   0   
271 -24 -2  1   2   0   0   -1  -3  
272 4   -5  -2  -2  0   0   -1  -1  
273 0   -6  -6  -6  -4  -3  -3  -2  
274 8   2   1   4   6   7   2   2   
275 2   -3  2   4   -20 12  5   2   
276 -42 -20 -10 -10 -11 -22 -7  -5  
277 2   6   0   -20 -48 9   1   0   
278 -18 -12 -11 -11 -38 -17 -8  -9  
279 5   1   -7  -19 -109-14 -6  -4  
280 -4  11  3   -2  -15 -5  -2  -1  
281 14  9   -4  -15 -15 3   -8  -3  
282 -8  -5  -8  -7  -28 -7  -2  -2  
283 1   6   -1  2   15  11  6   5   
284 29  10  7   2   -19 13  3   8   
285 -11 -2  -3  -1  8   -10 -8  -3  
286 0   1   3   0   -3  5   -2  1   
287 0   0   -2  -8  -24 -15 -3  -1  
288 13  5   3   -3  -19 2   -1  2   
289 4   4   5   2   -4  -22 -4  0   
290 -27 -8  -4  1   11  -13 0   -4  
291 8   -1  0   1   5   3   -2  1   
292 24  6   4   -4  -28 17  3   18  
293 -19 -10 -9  -12 -24 -16 -6  -12 
294 6   3   0   -1  -36 2   3   -2  
295 11  5   0   1   0   4   0   2   
296 -5  -5  -3  1   6   -6  1   1   
297 -1  2   2   4   26  -11 -4  -4  
298 -4  0   -2  5   5   7   -2  0   
299 0   3   2   0   15  -4  -4  -2  
300 17  2   -1  3   26  4   -4  0   
301 6   -2  2   -1  -5  14  1   2   
302 -15 -9  -4  -5  22  -17 -2  -1  
303 9   2   4   5   -1  7   0   0   
304 3   5   1   -1  -18 7   4   3   
305 -6  -4  -1  -1  -1  12  2   0   
306 1   -2  2   5   11  -2  1   -5  
307 -11 -4  -4  -4  4   -14 -5  -1  
308 -5  -2  -3  -4  -4  -1  1   -1  
309 -13 -1  1   3   15  7   -1  -3  
310 4   1   6   6   17  0   4   -2  
311 -7  -14 -8  -15 -33 -17 -8  -7  
312 -1  5   6   7   0   10  -1  -9  
313 -1  2   -2  1   2   -4  -1  -1  
314 -11 -3  -4  -7  -39 7   -6  0   
315 9   11  9   10  10  6   2   3   
316 -7  -5  -5  -7  -13 3   -3  -7  
317 -13 2   2   1   5   1   2   2   
318 0   4   4   2   5   -12 0   1   
319 7   4   -1  -3  -9  -10 -1  2   
320 -4  -2  -3  0   7   -9  0   -2  
321 5   -3  0   1   3   13  3   0   
322 3   2   -1  5   16  2   -3  -2  
323 11  0   0   -5  -8  -3  -2  -4  
324 0   -1  -3  0   9   -3  -3  -5  
325 19  -2  -4  0   22  18  3   4   
326 5   1   -4  -8  -18 -5  -1  0   
327 -6  -6  0   3   10  11  -1  -1  
328 11  0   0   -4  -25 -10 -3  1   
329 -4  -2  -3  -1  -6  8   -2  -2  
330 5   4   -1  2   7   3   -2  -5  
331 16  1   1   -1  12  0   -1  7   
332 -5  -3  0   2   21  11  2   -1  
333 12  6   1   -4  -27 -11 -1  -6  
334 -9  -7  -5  -3  2   0   -3  -2  
335 -19 0   -2  -7  -26 -7  1   -2  
336 6   5   2   5   10  3   1   0   
337 18  2   1   4   11  5   0   -3  
338 -3  1   1   8   29  9   3   0   
339 -5  -1  2   4   8   8   1   3   
340 12  2   -2  -3  -24 -14 -2  0   
341 -3  -2  -4  -4  -19 -15 -3  -3  
342 -1  -1  1   -3  -10 0   3   0   
343 -8  -10 -4  -1  5   -13 -2  -5  
344 6   1   1   1   -14 3   -1  -2  
345 -2  -9  -7  -13 -44 -14 -8  -9  
346 -1  -14 -7  1   14  -2  0   -3  
347 5   -2  -6  -4  -2  2   -1  0   
348 3   -6  -2  2   17  5   0   1   
349 -6  -3  -3  1   1   11  0   -2  
350 5   3   3   2   3   0   4   5   
351 10  4   3   4   8   -2  0   -4  
352 -5  5   0   2   19  1   0   -1  
353 7   0   -1  2   10  10  0   -2  
354 -5  -1  1   0   4   -5  0   -3  
355 0   -2  -1  3   16  7   2   1   
356 -8  3   0   4   2   -2  -1  1   
357 -4  1   3   2   9   5   1   0   
358 -8  2   -3  2   18  -2  -5  -3  
359 8   3   2   3   22  1   0   3   
360 4   3   0   0   1   -3  1   2   
361 15  5   2   3   5   -6  0   5   
362 -9  0   -2  -3  -40 -9  0   5   
363 -8  -7  -10 -22 -73 -17 -11 -8  
364 -1  2   4   4   4   -1  1   4   
365 -8  -7  -1  4   36  13  1   1   
366 -6  -5  -4  -7  -29 -24 -3  -3  
367 -2  -3  -4  -6  -15 -8  -3  -2  
368 -7  -4  0   1   10  3   1   -3  
369 -17 3   -2  -3  -12 -33 -4  -3  
370 -7  -5  -1  -1  -6  -10 -1  -3  
371 5   -4  -6  -3  -7  -12 -1  -3  
372 5   -1  1   3   3   -21 -1  0   
373 -1  2   0   -4  -3  1   3   1   
374 -4  1   5   3   3   1   3   9   
375 9   0   -1  -2  -5  -7  -3  -1  
376 -2  0   -3  0   0   -6  1   0   
377 5   3   -1  -1  10  -8  -10 1   
378 -13 -1  0   -2  1   -1  -1  -3  
379 7   -2  2   -1  -9  0   -3  -4  
380 -6  0   -2  -4  -21 -4  1   2   
381 -1  0   -3  -2  -10 -4  -2  -1  
382 -1  -2  1   3   -6  -11 -3  -2  
383 0   -1  -2  -2  -9  -2  -1  0   
384 -3  -2  -1  -4  -9  4   -1  -1  
385 10  2   0   1   -9  1   0   -1  
386 -3  2   -1  1   2   4   -1  -3  
387 -16 1   -2  -3  -2  -11 -2  2   
388 6   0   0   -1  0   -2  -2  -2  
389 -17 -9  -5  -2  -2  -12 -5  -3  
390 3   -2  -3  -1  -1  3   0   0   
391 16  6   -2  -3  -3  -7  -2  -1  
392 -6  -3  3   3   1   1   0   0   
393 6   -2  -2  0   -1  8   -2  -1  
394 1   -1  0   -3  -10 -12 -3  -1  
395 3   2   1   -1  -4  -2  -3  -1  
396 -6  -4  -2  -3  -1  -6  -1  0   
397 -2  -2  2   1   -1  -1  1   -1  
398 -5  -1  -1  0   0   2   -2  -2  
399 0   1   4   3   -2  3   1   -2  
400 -9  -8  2   2   1   0   0   -2  
401 -21 -8  -3  -2  -2  -2  -2  -1  
402 -3  0   -1  -2  -6  3   -2  0   
403 0   3   -1  0   3   5   1   0   
404 -1  -3  -3  -5  -2  -1  -1  1   
405 7   -2  -4  0   -1  -1  1   1   
406 -4  2   1   3   3   5   1   0   
407 9   2   2   0   -4  -3  -1  0   
408 -4  -6  -1  1   5   3   1   -2  
409 -15 -2  3   0   1   -6  -2  -4  
410 -1  0   -1  1   1   9   -2  -1  
411 17  3   0   0   -4  -5  -1  -1  
412 2   0   -5  -3  -4  2   -3  -1  
413 -1  -2  -2  -1  2   1   -2  -1  
414 -2  2   2   1   0   -2  0   -1  
415 -6  -3  1   -1  0   0   0   1   
416 0   -2  0   1   -2  -5  -2  -2  
417 -8  -4  -3  -2  -2  -4  -1  -4  
418 8   -2  -1  -2  1   6   1   0   
419 4   -2  2   0   2   1   0   0   
420 9   -3  -4  -1  -3  0   0   -2  
421 -2  -1  -4  -3  -3  2   -1  -1  
422 -3  -2  -2  -1  0   1   -2  -3  
423 -12 3   -3  -1  -2  -6  -4  -1  
424 -2  -3  0   0   -1  0   0   -1  
425 7   -2  0   0   0   -6  -1  0   
426 -1  0   -2  -1  -3  -2  -1  0   
427 7   5   5   2   5   4   1   1   
428 2   3   1   1   -2  -5  -2  -2  
429 4   -5  -4  -5  -3  0   -1  -1  
430 -11 -3  -3  1   1   4   -1  -1  
431 4   3   -2  2   1   -4  -1  0   
432 -16 1   0   0   0   -1  -2  -2  
433 13  -3  -2  -3  2   0   -1  1   
434 -12 -2  -1  -1  -4  -3  -3  0   
435 -5  -3  0   -3  0   1   0   -2  
436 -2  -5  -7  -6  -8  -10 -2  -2  
437 15  4   6   4   3   -7  -1  1   
438 9   5   1   1   -2  0   1   0   
439 -20 -3  -3  -2  -1  3   1   -1  
440 9   0   -3  1   2   2   1   1   
441 4   -1  -4  -2  -3  -5  -1  0   
442 4   -6  -3  0   1   2   0   0   
443 9   -2  -4  -3  -1  -3  -1  -2  
444 5   -2  3   4   0   -1  -1  2   
445 2   3   0   -3  -7  -22 -6  -2  
446 5   0   -3  -2  -1  0   -2  0   
447 9   1   1   -1  -2  -6  -4  -2  
448 -2  0   1   -1  -2  -5  -1  1   
449 -1  -4  -5  -3  -1  3   -1  -2  
450 11  10  2   0   0   -5  0   -2  
451 11  4   1   2   -2  -5  -2  1   
452 -2  2   1   1   3   6   0   1   
453 -23 -5  -3  -3  -2  -4  -2  -3  
454 2   -1  0   0   -2  -8  -2  -1  
455 -2  -7  -2  -3  -2  -5  0   -2  
456 -4  0   -1  -1  -3  4   -1  -1  
457 6   5   5   5   1   6   -1  -3  
458 6   11  3   1   0   2   1   2   
459 -18 -7  -5  -3  0   4   -1  -2  
460 3   -3  -5  -4  -4  -3  -2  -2  
461 -3  2   1   1   -1  3   -4  -1  
462 0   0   -2  -2  -2  1   -1  0   
463 -4  -1  -3  -4  -5  3   1   -2  
464 3   -1  -3  -5  -14 0   0   2   
465 15  3   1   3   5   -2  -1  -1  
466 -5  3   1   -21 -51 -15 3   -14 
467 -9  -8  0   -4  2   -2  -5  -7  
468 -10 -1  -1  -15 -41 -6  3   6   
469 8   -1  -2  21  75  5   -9  17  
470 -17 -3  0   1   2   4   6   -9  
471 2   -2  -6  -34 -75 -10 -9  -31 
472 16  1   3   -3  3   -8  0   14  
473 -17 -3  5   0   -11 -6  -2  -22 
474 2   2   -6  -41 -92 -21 2   3   
475 12  3   1   -11 -42 0   1   8   
476 -10 -1  5   43  116 13  12  3   
477 -11 -5  -7  6   19  -13 -15 -37 
478 -1  3   0   -8  -26 -16 -8  3   
479 12  1   0   11  33  7   1   12  
480 15  8   -1  2   -16 3   -8  -4  
481 -7  -4  -2  8   9   -10 -5  -4  
482 -20 -11 -5  -7  -4  -13 -7  0   
483 -8  -9  -3  -5  -14 -23 -10 -6  
484 6   -3  2   1   21  -2  6   29  
485 -1  0   -2  -19 -51 -16 -2  9   
486 9   1   -1  5   12  14  1   9   
487 7   4   3   -7  -17 -14 -6  -16 
488 19  0   -1  -9  -30 3   2   9   
489 14  -1  -2  -6  -17 -6  -7  -27 
490 -14 -3  -3  -17 -22 -6  -1  -5  
491 -2  -1  1   -9  -7  0   -1  4   
492 -15 -6  -3  -12 -36 -1  11  9   
493 -12 -3  -1  -1  5   0   -3  -1  
494 9   -4  -4  0   4   5   1   7   
495 3   -3  -3  -1  -1  4   1   11  
496 26  8   2   6   -14 -3  -2  4   
497 -13 -5  2   15  39  -5  -3  -5  
498 -11 1   0   -10 -17 -3  -2  2   
499 -1  -1  -6  -12 -24 -7  0   0   
500 -7  -1  -1  -7  -15 -8  0   2   
501 0   0   3   5   6   -1  2   -7  
502 -16 -3  2   -10 -23 -4  3   1   
503 1   -1  -5  -11 -16 7   -4  -19 
504 7   0   -2  1   -4  -3  -8  3   
505 -22 3   1   5   27  8   2   4   
506 -14 -2  1   -8  -10 17  8   1   
507 -12 -6  -1  -13 -27 -10 2   -5  
508 1   -1  -3  4   12  -4  5   -2  
509 2   2   0   -7  -16 -7  -6  -2  
510 9   -2  -1  -8  -14 0   5   1   
511 4   3   -1  -4  12  -12 1   7   
512 0   8   2   6   7   -1  -1  -4  
513 -5  -4  -2  -7  -16 4   1   -3  
514 8   -1  -7  -4  -9  0   0   -1  
515 -10 -3  -2  1   -24 -9  -1  -4  
516 2   2   1   -7  -33 -10 -5  4   
517 -7  -2  4   9   29  2   -2  -7  
518 -9  -6  -6  3   14  -3  -6  0   
519 6   1   -2  -8  -9  -11 -1  14  
520 12  3   -1  -9  -13 0   -12 -10 
521 -17 -2  4   10  29  -8  -4  -11 
522 -3  -3  -4  1   -10 2   -4  1   
523 4   2   -2  -2  -7  -2  2   4   
524 17  6   0   -11 -28 -10 -1  0   
525 6   5   0   -1  -28 12  13  13  
526 5   -1  -5  -14 -17 -4  -2  5   
527 15  0   -5  -5  -13 4   0   11  
528 4   -3  -2  -9  -16 -7  -2  -1  
529 9   0   -6  -10 -17 -7  1   2   
530 2   4   1   -2  -3  -3  4   -7  
531 -7  -3  -2  1   4   -2  -7  -23 
532 -3  0   -4  -10 -32 1   -19 -3  
533 -1  3   4   17  43  10  6   5   
534 -11 2   -1  1   10  -6  3   -7  
535 -6  -5  -2  -11 -15 -7  -1  5   
536 9   -3  -6  -6  -12 6   -1  5   
537 4   -4  -3  -18 -37 -3  0   4   
538 8   3   -1  -8  -17 -1  0   9   
539 -15 -8  1   0   -5  5   3   17  
540 15  2   2   -6  -21 -1  4   17  
541 -7  -2  -5  -7  3   -19 -1  -10 
542 3   -2  0   -12 -32 -13 1   -2  
543 -9  -3  -1  -4  -12 13  1   -17 
544 -5  -2  -4  -10 -25 -1  7   5   
545 -3  -5  -1  -1  0   4   2   -3  
546 4   3   1   -15 -49 -10 2   0   
547 13  3   2   14  27  -4  1   8   
548 19  -7  2   44  104 -2  -12 7   
549 -1  3   -2  -10 -18 -8  -7  -13 
550 6   2   0   -4  -8  -8  0   0   
551 3   4   3   3   -5  -8  7   10  
552 -18 -6  -6  -5  1   -3  1   0   
553 -1  -4  -4  3   12  0   -2  -18 
554 -11 -9  -7  3   17  0   -8  -7  
555 0   -1  0   -7  -16 -1  9   6   
556 2   2   1   -9  -28 -7  2   6   
557 25  6   -1  8   13  -8  -6  -2  
558 4   1   5   16  33  4   1   -5  
559 -15 -1  1   -7  -17 10  5   10  
560 -21 -4  -6  -15 -16 -4  11  -22 
561 -8  -5  0   19  42  8   7   -13 
562 -2  0   -3  -2  -16 -1  -5  -3  
563 -8  -6  -2  0   7   -1  -4  0   
564 -1  -5  -3  -4  -5  0   -1  -1  
565 -4  0   2   2   1   4   -2  -3  
566 49  -3  -6  -7  6   -3  -2  1   
567 -1  5   5   3   3   2   1   -2  
568 -9  2   -5  -9  -26 -8  -6  -4  
569 -2  -1  -1  -1  2   4   -2  -1  
570 -22 -2  2   3   -3  -1  0   0   
571 16  5   2   0   5   0   -1  0   
572 -8  -6  -4  -1  -1  5   0   -1  
573 -5  -2  -1  -1  0   -2  2   -3  
574 1   -2  -2  -1  -4  -1  1   -2  
575 -4  -1  -1  -1  5   6   1   0   
576 7   -4  -6  -4  2   3   -2  -1  
577 5   1   -1  -1  0   -4  -2  -1  
578 3   1   0   0   1   1   2   0   
579 -6  -2  4   3   2   4   0   1   
580 -9  -11 -5  -1  2   11  2   -2  
581 -6  -1  1   -1  -4  -2  -4  0   
582 5   2   2   4   6   0   0   1   
583 -13 -4  0   -3  -2  8   -2  -1  
584 0   4   1   0   2   -3  -2  -1  
585 -2  -5  -6  -4  1   4   1   -1  
586 1   -3  -4  -4  -5  -6  -4  1   
587 -8  -2  -1  1   1   0   -2  -2  
588 5   0   -1  -1  -1  -4  -2  -1  
589 0   -2  0   2   0   -5  -2  -2  
590 -10 -6  -2  0   0   8   -1  -3  
591 9   0   -4  0   0   1   0   1   
592 -4  -9  -3  -5  -2  -2  -1  -2  
593 -13 -1  2   0   0   0   -1  -2  
594 -2  1   0   -1  2   13  9   0   
595 -8  0   7   3   2   -1  4   1   
596 15  3   0   0   -1  -1  -6  -1  
597 -1  0   -1  -4  -2  4   -3  1   
598 -6  -2  -1  0   2   1   -5  -1  
599 11  14  5   1   1   -2  -3  3   
600 -10 4   0   0   0   6   0   -1  
601 -6  1   -1  -1  -1  -1  -5  -3  
602 5   -1  -1  -1  0   4   -5  -1  
603 4   1   -2  -3  -1  -3  -9  -3  
604 9   -2  0   -1  -2  -2  0   -1  
605 -1  -3  -4  -1  -2  -4  -3  -3  
606 1   3   1   0   0   -1  -2  2   
607 -2  -2  -1  -2  -3  1   -3  -3  
608 -11 -2  2   -3  -6  -15 -3  -3  
609 1   -1  -1  -1  -1  -3  -6  -1  
610 1   -3  -3  -1  5   10  4   0   
611 -5  -3  -3  -2  -1  3   1   -1  
612 -3  -1  0   -1  -1  -1  0   -1  
613 2   -1  -4  -2  -3  -13 0   -2  
614 5   1   2   2   -1  0   -3  0   
615 1   -2  -5  -3  -4  -3  -1  1   
616 1   1   1   0   1   7   -4  0   
617 -4  -5  -3  -1  0   1   0   -2  
618 2   0   -2  -1  -1  -1  2   0   
619 13  -3  -2  -4  0   7   -1  -2  
620 12  -3  -5  -1  0   -3  -2  1   
621 3   -1  -5  -3  2   20  -1  -2  
622 -8  -1  1   -2  -4  -2  -4  -1  
623 -10 -2  1   -3  -1  0   2   -1  
624 -3  -6  -5  -1  -1  1   -1  -2  
625 0   0   4   2   0   0   3   -2  
626 -7  -1  -1  0   0   -2  -2  -1  
627 -2  -2  0   2   4   11  4   -2  
628 -2  -1  -3  -1  -2  -9  -1  0   
629 -7  -3  -4  -3  -3  -10 -3  -2  
630 8   13  3   0   -1  -3  1   1   
631 -6  -8  -2  -2  -2  -8  0   -2  
632 1   0   1   1   2   16  2   -1  
633 3   -1  1   -3  -5  -9  -1  -1  
634 7   -4  1   1   1   4   2   0   
635 -4  5   4   0   -1  -11 -4  -2  
636 -10 3   -3  -3  -2  -4  0   -2  
637 -2  -2  0   0   2   1   0   -1  
638 -1  0   2   0   0   3   1   0   
639 -12 -8  -1  -2  -1  -1  -2  -2  
640 -9  0   -3  -1  0   4   -1  -2  
641 0   -9  -4  -5  -5  -5  -1  -3  
642 -4  -5  -8  -7  -5  3   -2  -2  
643 0   -1  -3  -3  -3  -6  -3  0   
644 5   1   -1  -1  -2  -7  -3  -2  
645 -9  -3  -2  1   -1  -1  0   -1  
646 0   -3  -4  -5  2   8   1   -2  
647 -2  1   -2  0   -2  0   -1  1   
648 -10 -3  2   2   2   -2  1   -2  
649 -7  -5  0   -3  0   -13 -2  -1  
650 19  8   5   4   2   -7  0   1   
651 12  -4  -4  -1  -1  -9  -4  -2  
652 4   5   1   4   7   11  0   2   
653 -4  -5  -3  0   -4  -1  -1  -2  
654 8   3   -1  -3  -4  8   -3  2   
655 -24 5   0   1   13  12  0   -2  
656 -12 4   9   9   15  7   4   -2  
657 17  0   -1  2   -8  14  3   5   
658 3   -9  -6  -3  -11 -4  -2  -8  
659 28  13  6   4   12  15  4   7   
660 -43 -23 -12 -9  -20 -11 -10 -18 
661 4   0   1   -4  -8  -7  -5  -1  
662 -1  1   2   1   -7  -1  2   2   
663 -8  -5  -1  -4  -12 4   0   2   
664 -8  -4  -7  -4  21  -18 -6  -14 
665 -5  -1  -4  -5  -26 -1  1   1   
666 -13 -4  -6  -5  -12 -34 -1  0   
667 -10 -6  -2  -7  -9  6   1   -4  
668 -18 8   1   3   6   -5  -2  -2  
669 -6  -3  0   7   12  9   1   4   
670 -8  4   3   9   21  1   2   -1  
671 18  10  6   6   -4  -2  2   3   
672 17  -6  -1  1   11  10  -2  -3  
673 15  8   3   5   28  -8  -1  1   
674 -6  1   3   0   5   -1  0   2   
675 -16 -4  -6  -6  -13 -25 -6  -5  
676 -11 -6  3   9   39  2   2   0   
677 -7  -1  3   1   2   11  0   0   
678 -1  -2  -1  -8  -30 -5  -4  -8  
679 27  -3  0   0   -5  10  2   0   
680 31  17  5   7   4   -3  3   4   
681 -6  -4  -4  -2  14  16  -2  0   
682 -11 -5  -3  -14 -54 -16 -5  -7  
683 3   4   -1  -3  8   -7  2   0   
684 -3  -1  -3  -3  -15 -19 -3  -6  
685 9   -1  0   1   21  -2  0   -9  
686 -9  2   -2  -1  3   -1  0   1   
687 12  0   2   1   2   -4  0   2   
688 1   7   1   1   -2  -5  2   -9  
689 -12 0   -1  -2  9   4   1   -1  
690 9   -5  -3  -5  -5  0   -9  -4  
691 -2  -3  -1  5   18  3   -3  -3  
692 -2  -6  -2  0   10  5   1   -2  
693 -11 -8  -5  -3  6   10  -3  -4  
694 -4  1   -1  -3  -18 -15 -1  -1  
695 7   -1  -1  -1  -4  14  2   1   
696 14  1   1   1   7   1   -2  -2  
697 25  -2  -4  0   -10 -5  -1  -1  
698 -6  5   0   -1  5   1   0   4   
699 -9  -1  0   -3  -17 -3  1   3   
700 -5  -3  -1  -5  -2  -4  -2  -4  
701 -14 -11 -3  -5  -17 -8  -3  -4  
702 -13 -1  4   3   2   -1  -4  -1  
703 3   1   -5  -3  -5  -4  -2  -5  
704 9   -2  2   4   5   -5  -1  -2  
705 -4  -2  2   1   -25 -7  0   -1  
706 -16 -2  2   3   -5  7   0   -2  
707 1   4   3   9   8   -4  0   0   
708 12  4   2   1   2   8   1   1   
709 -7  -9  -4  -1  12  10  0   1   
710 24  5   0   6   38  9   1   -1  
711 5   2   -3  -2  -12 1   -4  -3  
712 -4  -3  1   4   14  9   0   -2  
713 -14 -2  -2  -5  -20 4   -4  -2  
714 -10 -2  2   3   16  -8  2   1   
715 8   0   1   -2  -10 -12 -2  2   
716 1   -6  1   -4  -7  2   -3  -3  
717 4   -2  4   -2  -23 -15 -5  -1  
718 -11 0   -3  1   16  7   -1  -4  
719 14  8   4   9   6   16  6   3   
720 1   -3  0   -1  7   6   -1  -1  
721 2   -2  -2  1   14  12  -1  1   
722 -8  -2  2   4   23  -16 -2  2   
723 1   1   -5  -3  12  -18 -4  0   
724 -17 -5  -1  1   -6  9   -1  -2  
725 -25 -6  -5  -1  -8  -5  -3  1   
726 5   5   5   2   -2  3   4   3   
727 -30 -7  -1  -4  -24 -14 -5  -5  
728 -19 -4  2   -2  -5  1   -1  -3  
729 13  4   1   3   -7  6   -2  -3  
730 -21 -5  0   8   4   13  7   5   
731 4   0   -1  -6  -8  4   -2  -1  
732 -9  -1  -7  -12 -25 -8  -4  -6  
733 -9  -5  0   0   0   -3  -3  0   
734 4   -2  -4  -6  -23 -17 -6  2   
735 -11 -6  -6  -9  -8  -24 -6  -4  
736 -1  11  -2  1   11  15  3   4   
737 10  0   5   4   -4  10  5   5   
738 25  3   2   6   31  9   1   6   
739 -2  7   2   5   35  16  0   0   
740 -3  3   -3  -7  -10 -10 -5  -7  
741 9   -6  -5  1   18  -13 -3  -7  
742 0   -1  0   -2  -5  -12 -3  3   
743 2   2   0   2   35  5   5   4   
744 -11 -1  1   -1  5   11  2   -2  
745 -6  -4  0   2   14  -6  0   0   
746 3   2   1   -7  -13 -3  0   -3  
747 -11 8   6   5   8   9   6   5   
748 0   -8  -4  -3  -2  -8  -3  -1  
749 20  2   2   0   -5  -7  -4  2   
750 -12 -5  -4  -8  -16 -9  -5  -3  
751 -2  -7  -4  1   -3  -5  2   2   
752 -21 7   0   -3  -13 0   -1  -3  
753 1   2   2   1   -7  -3  -2  -2  
754 -22 -2  4   5   2   8   1   4   
755 11  -7  -1  0   3   -6  -4  -3  
756 3   3   4   -1  -50 -28 9   2   
757 7   -3  -1  -9  -46 5   2   -1  
758 11  3   -2  0   6   -12 1   -4  
759 -29 -13 0   4   6   -19 -2  -2  
760 9   -1  -2  -1  2   -3  -2  0   
761 2   2   0   -3  -8  -3  1   -1  
762 -4  -6  0   -3  0   -1  -2  -3  
763 14  -4  -6  -4  2   -1  -2  -1  
764 -8  -5  -4  2   8   2   -1  1   
765 1   1   -1  -2  -10 1   -1  -1  
766 -3  2   2   0   -3  -1  -1  -2  
767 -2  2   -1  0   -9  -5  -2  -2  
768 1   -2  -3  -1  -2  -2  1   0   
769 10  -2  -3  -2  -5  -1  -2  -1  
770 -3  1   0   -2  -2  0   0   -1  
771 0   -3  0   2   5   4   1   1   
772 5   2   3   3   0   2   0   1   
773 -4  0   -3  -1  -1  -2  0   -2  
774 -2  -5  -2  -1  0   0   0   0   
775 -5  0   1   1   2   -1  -1  0   
776 -6  -5  2   -1  -2  -2  -1  0   
777 -2  -5  0   -1  0   -1  -2  -3  
778 -6  -1  0   1   1   0   -1  2   
779 2   0   -2  -5  -5  -5  -2  -2  
780 9   5   10  9   3   1   -1  0   
781 -2  -4  -4  -6  -2  0   0   -1  
782 -2  -3  -7  -3  -2  -3  -1  -2  
783 2   0   -4  -3  -3  -2  -2  -2  
784 -1  -3  -4  -1  -2  -1  -2  0   
785 -8  -7  -7  -2  -2  -1  0   -2  
786 7   4   2   0   -3  -5  -3  0   
787 -3  0   -2  -2  -3  -1  -2  -5  
788 12  7   0   -1  -3  -3  -3  -3  
789 13  6   3   0   1   -1  -1  0   
790 -3  1   1   -2  -1  0   0   -1  
791 -8  -5  -4  -3  -1  0   -2  -1  
792 5   1   -1  1   2   2   1   0   
793 -8  -2  1   0   -1  0   0   1   
794 6   2   -1  -1  -1  -6  -1  -1  
795 -5  -5  -8  -5  -1  1   -2  -3  
796 8   5   0   1   0   0   1   1   
797 -6  1   -2  -1  -1  -1  -1  -2  
798 -5  0   -1  0   -1  0   -1  -3  
799 2   0   -1  -3  -2  -3  -3  -1  
800 -3  5   9   6   3   2   -3  0   
801 0   -5  -4  -3  -1  0   0   0   
802 14  -2  -4  -5  -5  -5  -2  0   
803 -1  0   -2  -2  -6  -4  -3  0   
804 6   2   0   -2  1   2   1   0   
805 -8  -6  -5  -3  -3  0   1   -2  
806 3   1   1   1   2   0   -1  -1  
807 -3  -5  -4  -6  -4  -3  -1  -1  
808 -15 0   3   2   2   3   -1  -4  
809 3   -3  0   1   -1  -1  0   0   
810 -4  0   2   -1  -1  -2  -2  -1  
811 3   -1  3   2   1   4   2   -1  
812 -3  -5  -5  -4  0   -2  -1  -2  
813 -2  2   3   0   0   1   -1  0   
814 -8  -2  2   4   1   1   1   -2  
815 3   0   1   1   -2  -8  -3  -3  
816 -3  -3  -2  -1  -3  -1  -1  -2  
817 9   10  4   1   -4  -4  -2  -2  
818 9   6   2   0   -1  -1  0   -1  
819 3   -3  1   -2  -2  2   0   -2  
820 -14 -1  -3  -3  0   -1  -1  -1  
821 -2  -9  -9  -5  -1  0   1   -1  
822 -5  1   2   -1  1   0   0   -1  
823 13  2   1   1   -1  1   -1  1   
824 10  -2  -6  -3  -2  1   1   2   
825 4   -1  -4  -2  -2  -2  -3  0   
826 -16 0   1   1   0   -1  -1  0   
827 2   -2  -3  -3  -1  -1  0   1   
828 -4  -1  -3  0   -1  0   -2  -1  
829 4   -3  -4  -2  -1  -1  -1  -1  
830 -21 2   2   3   2   3   1   1   
831 -3  -3  -2  -3  -1  -3  1   -2  
832 1   -3  0   0   -1  -3  0   -1  
833 -15 3   3   0   3   1   -2  -2  
834 -1  -3  -1  -1  0   -1  -2  -1  
835 -4  -1  1   -2  -1  -2  -2  -2  
836 -10 -9  -4  -2  -1  1   0   -2  
837 -3  -2  -3  -3  -2  1   0   0   
838 -6  -4  3   4   1   -1  -3  -1  
839 -11 -9  0   -1  -2  -1  -1  -1  
840 1   -2  -5  -3  -2  1   0   0   
841 -1  0   -1  0   -2  0   -1  1   
842 -3  -7  -1  -2  -1  1   0   1   