
1 0   0   0   0   0   0   0   0   
2 0   0   0   0   0   0   0   0   
3 0   0   0   0   0   0   0   0   
4 0   1   0   2   -2  -1  -2  0   
5 -1  -3  -4  1   1   2   -2  -2  
6 -1  -2  -1  0   1   -2  1   0   
7 -1  1   5   5   2   -3  1   0   
8 -1  -3  -3  5   -1  -4  0   -2  
9 0   0   -2  -4  -3  3   2   -1  
10 -2  1   -1  1   -1  4   2   1   
11 -3  -6  -4  0   0   0   -2  0   
12 -1  0   -2  -14 5   8   1   -1  
13 0   -2  -2  3   0   0   2   -1  
14 -2  -3  0   -2  -2  -3  0   -1  
15 -3  -3  -3  6   -3  -5  -3  -1  
16 -3  -3  -5  -13 -3  -2  -8  -1  
17 0   -2  -1  -1  4   0   1   1   
18 2   1   2   4   0   -1  -1  -1  
19 -2  -5  -6  -1  -1  -2  0   -4  
20 -1  -2  -6  -3  3   2   1   -1  
21 0   -1  -5  -7  -3  -2  -3  -1  
22 -1  -3  -4  -6  -5  0   -1  1   
23 -2  -4  -1  -2  0   0   0   1   
24 2   5   3   -4  1   2   3   1   
25 0   0   0   -2  -1  -7  -2  1   
26 -1  -3  -3  -2  -2  -7  1   -2  
27 -1  -3  -1  -3  -9  -7  -1  -2  
28 -1  0   0   4   3   7   1   1   
29 1   1   -1  1   0   1   0   0   
30 -3  -2  -4  1   -1  4   0   -3  
31 0   -2  -2  0   2   -1  -2  1   
32 -1  -3  -1  -1  2   5   0   -1  
33 0   0   2   6   2   -1  -2  -2  
34 -2  0   -1  2   -3  -3  0   -1  
35 -1  -1  -4  -1  -2  -5  -2  0   
36 -1  0   -3  -9  -5  -1  -1  1   
37 0   0   -1  2   3   0   2   1   
38 -2  -2  -2  1   0   -1  1   -1  
39 -2  0   0   6   3   0   -1  -4  
40 -2  -2  -3  -3  -1  -1  0   -1  
41 -1  1   -3  -8  -4  -6  -1  0   
42 -1  -1  -1  -3  -3  -2  -3  -2  
43 -1  -3  -2  2   0   0   0   0   
44 0   0   1   5   2   -1  -1  -1  
45 -1  1   3   -2  -6  -7  -5  1   
46 -1  0   -4  -3  -2  1   1   -1  
47 -2  -5  -3  2   0   0   -2  -2  
48 -1  -4  -6  -3  -2  -1  -1  -2  
49 -1  -3  -2  2   -2  -5  -2  -2  
50 -2  -3  -4  -11 2   -1  -2  0   
51 0   -1  -2  4   -1  -3  2   -1  
52 0   -2  -1  3   5   1   -1  1   
53 -1  0   -2  -2  -2  -1  0   -2  
54 -1  -3  -1  1   -2  0   -1  -2  
55 -1  0   1   5   -1  0   0   0   
56 -1  -2  -4  -2  2   3   0   -1  
57 -1  -4  -2  -8  -3  -8  0   0   
58 -2  -1  0   -3  -2  2   2   1   
59 -2  -2  0   -4  -3  -8  0   0   
60 0   1   -1  -9  -1  -6  -2  0   
61 -2  -3  -4  -2  -1  1   -1  0   
62 -1  -2  -3  -11 -2  -2  1   1   
63 -4  -3  -4  -9  -8  -9  -3  -2  
64 -1  0   0   -2  -5  3   0   0   
65 0   1   -1  1   -5  0   -1  1   
66 -1  -3  -5  -8  1   4   -1  -1  
67 0   -1  0   -4  -4  -1  -1  -1  
68 -2  1   0   -8  -1  2   -3  -2  
69 -1  -3  -2  -3  -5  -7  0   0   
70 -2  0   0   0   -6  -1  0   0   
71 -1  1   1   -3  -13 4   -2  0   
72 -1  -2  -2  -7  -3  -3  -2  -2  
73 -1  -3  -2  -1  1   -2  -2  -1  
74 -2  -4  -4  -5  -13 -11 1   -1  
75 -1  -1  -4  2   0   -10 0   0   
76 0   1   3   6   7   -4  -2  -1  
77 1   -1  -1  1   -4  9   3   0   
78 -3  -1  -1  -1  2   -3  -2  -2  
79 -1  0   2   6   1   2   -1  -1  
80 1   2   -1  4   -1  -14 -4  2   
81 -1  -1  -2  -12 1   5   1   -1  
82 -3  -4  -6  -7  6   8   -2  0   
83 4   2   5   17  22  5   3   4   
84 -4  0   0   -1  5   -5  1   -5  
85 -3  -4  2   -12 -6  -11 -2  0   
86 -3  1   1   2   5   -13 -1  -2  
87 4   3   3   7   14  -1  2   7   
88 -1  1   2   -8  -6  -13 -3  -2  
89 0   0   -3  -2  -5  -3  -3  -6  
90 0   -2  -5  -3  4   11  0   3   
91 -1  -1  -3  -5  -8  -15 -1  -3  
92 -2  1   3   10  11  -14 -2  -4  
93 -3  0   2   0   -1  -10 -1  -3  
94 0   -3  -5  0   2   5   -2  -3  
95 0   -2  -6  -8  10  4   2   2   
96 -1  0   0   5   -2  1   -1  1   
97 0   -3  -3  -4  -6  -1  3   2   
98 0   -3  -1  -2  13  -7  -3  -2  
99 -3  -3  0   -4  -21 -14 -7  -3  
100 -1  -1  0   9   18  -2  -3  -2  
101 -1  0   -1  3   0   15  1   -5  
102 -2  -2  0   4   8   -2  -2  0   
103 -2  -1  -1  8   10  -1  1   1   
104 0   1   3   3   6   -1  -2  1   
105 0   -2  -5  -5  -7  -2  -1  4   
106 -1  1   5   13  16  23  0   0   
107 -1  -3  -3  -1  -1  2   -3  -2  
108 1   -1  1   0   -3  -5  -1  -1  
109 2   -1  -5  -10 -8  -14 -1  1   
110 -4  -1  -2  16  12  2   -1  -2  
111 1   -3  -1  4   -3  8   1   -1  
112 -3  0   -5  -1  2   10  -1  0   
113 -5  -2  0   5   -2  -2  -4  -6  
114 -5  -2  -1  1   8   -3  -1  -1  
115 -1  -2  -1  5   -12 10  1   0   
116 -3  0   -1  -4  -26 -1  -1  -1  
117 0   -2  -3  -10 -3  -10 -3  -1  
118 2   -1  1   1   2   7   -3  -1  
119 -1  -3  -2  0   -6  -4  -2  0   
120 0   -1  3   22  5   3   0   -1  
121 2   -3  -3  -10 -20 -16 0   1   
122 1   0   -2  1   -8  2   1   0   
123 -3  -3  -2  -2  -2  2   -3  -1  
124 -2  -4  -5  -5  6   4   0   -1  
125 -1  2   0   3   3   0   -2  -3  
126 -1  -2  -1  2   32  -14 -3  -1  
127 -1  1   3   1   -16 5   -3  -4  
128 -1  0   4   -3  11  4   0   -1  
129 -2  -2  -2  2   -4  -2  -1  -3  
130 1   -2  0   -3  -7  -11 0   0   
131 -1  0   -1  3   -3  -2  1   1   
132 -4  -4  -2  -2  3   -2  -1  2   
133 0   1   -1  -1  -2  -4  -2  -1  
134 0   -1  1   9   -5  -1  0   -2  
135 -2  -4  -1  3   4   -2  0   -1  
136 -1  -2  1   2   -5  1   -1  0   
137 1   -1  -3  -2  -9  2   2   1   
138 -2  3   5   -5  -4  -1  0   -1  
139 -2  0   -2  -7  11  -6  1   -1  
140 1   1   5   12  35  6   0   1   
141 2   4   5   -2  -14 -12 -7  -1  
142 0   0   3   -1  3   3   -1  2   
143 -1  -2  0   1   -8  10  -1  -1  
144 1   3   6   6   6   -4  -1  -2  
145 0   -2  -5  -4  -9  -13 -2  4   
146 -2  0   -2  0   2   1   -1  -4  
147 -1  -2  -2  0   -11 -25 -4  -1  
148 3   3   4   -10 10  -1  1   0   
149 1   1   4   17  22  9   1   -2  
150 -1  2   -2  -7  -27 -1  3   0   
151 -1  -3  -3  -6  -18 -6  0   -1  
152 -3  -1  0   6   19  20  1   -3  
153 -1  -3  -3  -4  7   -9  -3  -1  
154 1   -2  -5  0   2   2   -1  1   
155 0   -1  -4  -6  -15 -4  -1  6   
156 -4  -5  -3  -2  -5  -9  -4  -4  
157 1   3   1   7   12  -1  1   3   
158 1   -1  -2  -2  9   -1  1   1   
159 -3  -3  -4  -15 -20 1   0   -2  
160 1   1   -1  -1  9   -2  2   4   
161 1   0   -1  8   13  -8  -2  -1  
162 10  3   -8  -8  22  11  7   18  
163 -5  0   2   -14 -41 -41 -5  -6  
164 -5  -3  -2  -3  -1  3   -3  -7  
165 0   0   1   1   3   -3  -1  -3  
166 -1  -1  0   4   -2  -2  -1  1   
167 -4  -2  -4  3   7   -2  2   -1  
168 4   0   1   7   13  -2  3   0   
169 -2  1   0   1   6   6   0   1   
170 0   0   2   8   5   -5  -2  -6  
171 -1  0   1   -1  24  7   1   2   
172 0   0   1   -2  14  7   0   -3  
173 1   0   1   2   -4  9   1   3   
174 1   -1  0   2   2   -5  0   3   
175 -2  -2  -4  -5  5   8   -1  -4  
176 0   1   -4  -17 -8  4   0   -1  
177 -3  -4  0   17  12  13  0   -1  
178 -5  -3  -1  -1  0   -4  0   -5  
179 -2  0   2   2   2   4   0   -1  
180 -1  -2  -2  -6  -1  -9  -1  -1  
181 -1  -1  1   4   3   -1  -1  1   
182 0   -2  -2  0   -1  3   0   -2  
183 2   -1  -1  -2  1   0   1   0   
184 0   1   1   3   5   6   2   1   
185 -2  -2  -1  -4  0   0   -1  0   
186 -2  -1  0   -1  -2  -9  -1  -1  
187 1   -2  -1  5   0   0   -2  1   
188 -3  0   -3  -3  2   -8  -1  -1  
189 1   2   7   7   2   -1  0   -2  
190 0   -2  -1  -3  -2  -7  0   -1  
191 -2  0   -3  -5  4   9   0   1   
192 -1  0   -6  -19 -1  -4  -1  0   
193 0   0   2   -6  -2  -4  -3  0   
194 -2  -1  2   8   1   -12 -2  0   
195 -1  -2  -9  -19 -7  -5  -2  0   
196 0   -2  1   2   5   -7  0   -1  
197 -1  -3  -3  -5  -3  3   -1  -1  
198 1   2   -1  -6  1   5   0   0   
199 0   2   4   13  0   -8  -2  -1  
200 0   -1  -3  0   -12 -14 -3  -2  
201 0   -1  -2  2   2   2   -3  -1  
202 0   6   7   1   -1  1   -1  1   
203 -3  -3  -3  5   1   -1  -1  -1  
204 2   -1  -1  1   -1  -6  -2  -1  
205 -3  -3  -4  -3  -4  -5  -1  -3  
206 -1  -1  -4  0   5   -4  -1  0   
207 -2  -5  -1  0   -3  -3  1   -3  
208 -1  0   0   1   -5  -4  -3  -1  
209 0   0   0   -3  -9  -6  -4  0   
210 -2  -3  -2  3   -2  1   0   0   
211 0   -1  -1  4   3   3   0   0   
212 0   -2  -4  -1  0   -2  -1  0   
213 -2  -3  -2  -1  1   -1  -2  -1  
214 0   2   1   -8  5   9   -1  1   
215 -2  -3  -5  -1  -2  -4  -1  -3  
216 -1  -1  0   -14 -1  -1  -2  -1  
217 0   0   0   1   -2  -9  0   0   
218 -4  -2  -2  -7  -6  -12 -3  -2  
219 1   -2  0   0   0   4   0   0   
220 -2  -2  -3  -4  -8  -3  -4  -2  
221 -3  -2  1   3   -1  6   -2  -1  
222 -1  -1  -2  -2  -2  -7  -1  -1  
223 0   -2  -4  2   0   -8  0   0   
224 -1  0   1   2   -6  -24 -2  -2  
225 0   0   -2  -3  2   -2  0   0   
226 -1  0   -2  -7  -1  3   -1  -1  
227 1   -1  -2  -12 1   2   0   0   
228 1   0   -5  -18 4   1   -1  -1  
229 -1  -4  -3  0   -3  -5  -2  1   
230 -2  0   1   2   -4  -4  0   -1  
231 1   2   2   2   -4  -2  -1  -2  
232 -2  -3  -1  0   4   4   1   0   
233 -2  0   0   -3  4   13  3   -2  
234 -1  -4  -7  -9  -3  -7  -2  0   
235 -2  0   1   0   -3  -7  -1  -2  
236 0   1   2   4   0   -8  -1  -3  
237 -1  -2  -3  1   1   -3  -1  -1  
238 0   -3  0   -3  0   5   0   -2  
239 -2  -2  -3  1   0   -7  -2  -1  
240 -2  -2  1   5   10  5   3   -1  
241 -1  0   -2  -7  -2  18  1   1   
242 -1  1   1   -4  -2  -6  0   1   
243 -3  -2  -4  -2  -1  1   -1  0   
244 -1  1   0   4   1   1   -3  0   
245 -1  1   -1  1   0   11  -1  -1  
246 -1  -1  -1  0   1   4   -1  -1  
247 0   -1  -2  -8  -1  0   -1  -1  
248 -1  -3  0   2   2   20  -1  -1  
249 -3  -4  -4  0   -1  -4  -4  1   
250 1   0   -1  3   1   -5  -1  -1  
251 -2  -1  -5  -11 -4  6   -1  0   
252 -1  0   1   0   0   12  -1  0   
253 -2  -3  0   -2  -3  -7  -1  -1  
254 0   2   3   2   4   8   0   0   
255 -1  -1  -2  1   2   7   -1  -1  
256 -1  -1  -2  -3  0   -1  -1  -2  
257 -1  -3  -4  -2  -1  2   -1  1   
258 -2  -1  -4  -3  3   0   0   0   
259 -2  -2  -3  -5  -2  -5  0   -2  
260 0   0   -1  4   -3  -1  -1  -2  
261 -1  -1  0   -1  0   -4  -2  0   
262 -1  0   -2  -11 4   14  1   -1  
263 -2  -1  -2  5   -1  1   1   -1  
264 -2  -4  -2  0   -1  2   0   -1  
265 -1  -1  2   2   -2  -4  -1  1   
266 -2  -1  0   -5  -4  -3  -1  -2  
267 -2  -3  -2  -1  -2  -10 -3  -1  
268 0   0   -3  -10 1   4   0   1   
269 2   1   1   -4  -5  -4  -1  0   
270 2   0   1   -3  -2  -14 -2  0   
271 -5  -4  -2  4   5   2   -2  -3  
272 1   -4  2   9   10  5   -2  -5  
273 3   4   3   1   3   0   1   -1  
274 -6  -4  -1  0   -5  0   -1  -7  
275 -1  -1  -4  -13 1   -6  -1  -1  
276 -1  0   0   0   -12 -6  -3  -1  
277 -1  0   1   -2  -2  -1  -2  -4  
278 4   1   -3  -2  -11 -19 1   4   
279 5   2   1   0   1   5   2   5   
280 4   0   1   -1  6   15  3   9   
281 -2  -2  -2  0   -2  -4  0   -4  
282 0   1   -7  -11 3   11  1   -1  
283 -6  -6  -7  -8  -10 -3  -4  -4  
284 -1  -2  1   2   -11 -6  -1  -1  
285 3   -2  -5  -4  3   5   -1  2   
286 1   0   4   9   11  14  -1  2   
287 0   0   -1  -5  -3  -6  2   -1  
288 2   1   2   1   -1  -13 -1  0   
289 1   1   -2  7   2   -22 -1  -3  
290 -3  1   -2  -9  0   14  -2  -3  
291 -2  -1  2   11  2   6   -2  -4  
292 -2  -3  -3  1   0   -12 -2  -3  
293 1   -1  0   -1  -1  -2  0   2   
294 -1  -1  -2  1   1   -11 1   -1  
295 -2  -1  -1  -3  1   14  1   -2  
296 1   -2  -2  -5  -20 -10 0   1   
297 -6  -2  4   5   -8  3   -1  -5  
298 2   -1  -1  2   -4  -1  0   -1  
299 3   0   3   0   0   10  0   2   
300 -4  -2  -6  0   4   5   0   0   
301 -5  -6  -4  -6  -9  -3  -5  -5  
302 -5  -3  -3  -8  1   -2  -1  -5  
303 -2  0   -2  0   -1  -11 -3  -2  
304 -2  -2  0   -3  -5  -1  -1  -1  
305 -2  0   -4  -1  -5  2   -3  1   
306 1   -1  -2  4   1   -5  0   1   
307 -2  -1  0   -9  -4  -7  1   1   
308 -1  3   6   2   -2  4   0   -1  
309 -2  -4  -5  -11 -30 -16 -3  -3  
310 2   3   2   0   0   0   -2  -1  
311 -1  1   0   1   7   6   0   3   
312 -1  0   -1  0   2   5   -3  -2  
313 -1  -1  -1  -8  -4  -7  0   0   
314 -2  0   -2  -8  -11 -15 -3  -5  
315 0   -1  -5  -7  3   -9  1   3   
316 -4  -2  -1  2   2   4   1   -1  
317 1   -1  0   -2  -5  6   -1  -3  
318 1   -2  -7  -6  1   8   0   1   
319 -4  0   1   -2  -8  3   -1  -4  
320 -1  -1  -2  -5  -3  4   0   1   
321 1   -1  1   5   -1  2   0   0   
322 -4  0   -1  0   0   15  -1  -1  
323 -3  -2  -4  0   -6  -3  -1  -1  
324 -4  -3  1   -4  -3  -10 -1  -3  
325 0   -1  -1  2   13  0   -1  -2  
326 0   0   -1  -3  -10 -2  0   -2  
327 -2  -2  -6  -11 2   2   0   -3  
328 3   3   4   2   -2  -6  -1  2   
329 -2  -1  -1  -2  -9  -5  -2  -1  
330 0   -2  1   4   3   3   2   -1  
331 3   0   -1  0   0   -2  0   -1  
332 0   -1  2   4   12  1   1   0   
333 -3  -3  -4  3   -1  3   0   -3  
334 0   0   0   -4  -3  11  2   6   
335 0   0   4   9   4   11  1   -2  
336 -2  0   1   0   2   0   1   -1  
337 1   -1  1   6   -3  -1  0   0   
338 0   -1  -1  2   -4  -1  -3  -1  
339 -1  0   0   -4  -8  4   -1  0   
340 1   -1  2   5   1   1   0   3   
341 0   1   3   4   -4  -21 -2  0   
342 0   1   3   0   -1  2   -1  -2  
343 -2  -3  0   8   3   -1  0   -1  
344 -2  -4  -5  0   0   -6  -2  -5  
345 -3  2   -2  -2  -4  8   -1  -2  
346 1   -1  -8  -20 -8  -5  0   0   
347 0   -2  1   2   -3  3   -2  -1  
348 -3  -2  -3  2   -6  -4  -2  -1  
349 1   -2  -1  -3  -4  0   -1  -2  
350 -4  -2  -1  0   8   -6  -1  -4  
351 0   1   4   0   1   -7  1   -1  
352 0   -2  -2  4   -4  -2  -1  -1  
353 -1  0   -1  -4  -3  4   -1  -3  
354 -3  -3  -3  0   -2  -20 -2  -4  
355 1   -1  0   -8  -5  5   -3  2   
356 2   -1  -1  1   -9  -15 -3  1   
357 -2  -1  -1  -2  -11 -9  -3  -2  
358 -4  -1  -1  2   -3  -5  -2  0   
359 7   1   3   3   5   2   2   6   
360 -1  1   0   -7  -1  9   -2  -1  
361 -1  -1  -3  6   -3  -9  -1  0   
362 -2  -1  -2  -4  -5  16  3   -1  
363 -3  -2  -2  1   -5  -9  -2  -3  
364 -3  -2  -1  -9  -8  0   0   -3  
365 1   0   0   6   4   -16 -3  -1  
366 -1  -1  -1  -5  -8  -6  -3  1   
367 -3  -4  -2  4   -5  -1  -1  -1  
368 2   3   2   2   5   1   0   2   
369 0   -1  -6  -16 -11 -14 -4  -4  
370 1   1   3   8   8   1   1   2   
371 -3  -4  -7  -12 -9  4   -4  -2  
372 -3  -2  -5  -9  7   18  2   -1  
373 0   0   0   -13 -2  6   -3  -1  
374 -1  -3  -1  2   -5  5   -1  -1  
375 -1  -2  2   3   -5  -14 -1  -1  
376 0   -2  -1  1   5   11  0   -2  
377 0   -1  0   7   1   5   0   -1  
378 -2  -3  -2  1   0   0   -1  -2  
379 -2  1   0   -13 -5  0   -2  -2  
380 -3  -2  0   3   0   4   1   0   
381 -3  -2  -4  -2  1   0   -1  -1  
382 -1  3   3   -2  -6  -8  -2  0   
383 -1  -2  -4  -2  0   -1  0   2   
384 -3  -3  -2  -2  0   0   -3  -3  
385 1   0   5   10  -3  0   -2  0   
386 -2  -3  -3  -5  -3  -3  -2  -1  
387 -2  -2  -3  -4  0   -9  0   -1  
388 -2  -3  -4  1   -1  2   1   -2  
389 0   -2  3   -9  -1  1   -1  0   
390 0   0   -4  -10 -4  -4  -2  0   
391 1   -1  -2  -1  -4  -11 -1  0   
392 -3  -1  -3  -8  0   7   0   -1  
393 0   2   5   11  5   6   0   1   
394 -3  -2  -2  -7  -3  0   -3  -1  
395 -1  -3  -5  -18 -5  0   -1  -1  
396 -3  -2  -2  -6  0   7   0   -1  
397 1   -1  -2  -4  2   -4  1   -2  
398 -2  0   1   1   3   4   -1  0   
399 -5  -2  -2  -3  3   11  0   0   
400 1   0   0   -5  -1  4   1   -1  
401 -1  1   -2  -16 -4  -18 -1  -2  
402 -2  -1  1   -3  -3  -3  -3  0   
403 0   -1  -5  -18 -7  10  0   -1  
404 -1  -1  -2  1   5   6   1   -1  
405 -1  1   3   -2  -3  -8  0   -1  
406 -2  0   0   2   -1  -5  0   -1  
407 1   1   -1  -7  -5  -4  0   0   
408 -1  0   -1  1   0   9   0   -1  
409 -1  -2  -1  -4  6   8   -1  -1  
410 -1  1   2   1   3   2   0   0   
411 0   0   1   7   1   -1  -2  -1  
412 0   -1  -6  -19 3   8   0   0   
413 0   -1  -3  6   -1  0   0   -2  
414 -1  -2  -1  -2  1   -1  -1  1   
415 -3  -1  1   3   -1  7   1   -1  
416 0   1   1   2   0   2   0   1   
417 -1  -1  -2  1   -2  3   0   -2  
418 -3  -1  0   -6  -8  6   -2  1   
419 -1  0   -1  2   4   0   -1  -1  
420 0   -1  -1  -1  1   16  0   0   
421 -3  0   -2  0   -2  -12 0   1   
422 -2  -1  -4  2   -1  -2  0   -2  
423 0   -1  -6  -25 -3  8   0   0   
424 -2  -2  -2  2   1   3   -1  0   
425 -1  -4  -3  12  1   0   0   -1  
426 -2  -3  -3  0   -1  5   -2  -1  
427 -2  -1  -7  -14 -3  1   -1  -3  
428 -1  -4  0   2   0   -8  -3  -2  
429 1   4   3   -3  -4  -3  -1  -1  
430 0   -1  -2  -7  -1  -8  -1  -2  
431 0   -3  -5  2   5   10  0   1   
432 -1  -1  -3  -6  2   -4  -1  0   
433 -1  -2  -1  -1  -2  -8  -3  0   
434 -3  -4  1   8   0   -19 -3  -1  
435 -2  -2  -5  -10 -8  3   -1  0   
436 0   -1  -3  -10 0   2   0   -1  
437 0   -3  -1  -2  -2  -4  -1  -2  
438 -1  -2  -6  -6  -3  -10 1   1   
439 -1  -1  0   -2  -5  -7  -1  -1  
440 0   -2  0   5   5   4   -1  -1  
441 1   2   0   -5  -1  -3  0   0   
442 0   -2  -1  -8  -3  0   0   0   
443 0   0   1   7   12  16  0   -1  
444 -2  0   1   13  0   -4  -1  0   
445 0   -1  0   -7  2   10  -1  0   
446 -1  -3  -2  -4  5   -3  -3  0   
447 -1  -3  -4  -6  -4  -3  0   -2  
448 -1  1   2   0   -3  -14 -4  -2  
449 -1  -2  -5  -4  -1  6   0   -2  
450 -1  1   -3  -20 -11 -20 -2  -3  
451 -1  2   0   1   -2  -3  -3  -2  
452 -1  -2  0   3   1   0   0   -2  
453 -2  -2  -2  0   0   4   0   1   
454 -2  -4  -2  6   -6  -24 -1  0   
455 -1  -2  -3  6   4   8   0   -1  
456 -1  1   2   -1  5   19  1   2   
457 -1  0   1   0   -1  -1  0   -1  
458 -3  -1  1   13  -2  -12 -1  0   
459 1   1   1   -4  0   5   1   -2  
460 -1  -2  0   8   -5  -4  0   2   
461 1   0   -1  6   1   -3  1   2   
462 -3  3   9   -4  1   4   2   -5  
463 2   3   2   4   3   0   2   4   
464 0   3   7   10  3   4   -4  -4  
465 -2  -4  -2  1   -2  0   -2  -1  
466 7   1   2   8   4   7   9   12  
467 -1  -2  -4  -4  6   7   -1  -3  
468 -6  -2  -3  -1  1   -1  -3  -6  
469 0   1   2   0   -2  1   0   2   
470 -2  -1  -2  -12 -1  -3  -3  -1  
471 1   1   -1  -4  1   -3  -2  -1  
472 -3  -4  -2  -2  5   21  2   -2  
473 -2  0   0   3   -6  -10 0   -3  
474 2   -1  3   -1  -2  -13 1   1   
475 -1  -1  -1  -3  -1  -9  -1  1   
476 -1  0   -1  -7  1   7   0   -5  
477 -1  -3  -5  -2  -4  -5  -3  -3  
478 3   7   8   4   -2  -5  -2  1   
479 -2  -2  -4  -8  -6  -3  -1  -2  
480 -2  -3  -3  3   4   11  0   0   
481 1   0   3   5   4   -2  0   0   
482 -4  -2  -3  -13 -6  -8  -1  -2  
483 -1  0   1   4   4   10  -1  -1  
484 -2  -2  -1  10  5   7   0   1   
485 -1  -2  -7  -26 -6  3   0   0   
486 0   0   -4  -4  -1  3   1   -3  
487 -1  -2  -2  2   -2  -6  0   1   
488 -4  3   2   -2  -2  -8  -3  -4  
489 -4  -4  -4  -5  -2  -4  -3  -5  
490 0   -5  -6  0   -3  9   -1  0   
491 -1  -1  -2  3   -1  -2  -3  -1  
492 -1  -1  -3  -1  -12 -20 -1  1   
493 -1  -1  2   -7  2   9   2   -2  
494 -4  0   0   -10 -6  5   0   -1  
495 0   -1  -1  1   3   3   -3  -3  
496 0   0   0   1   -3  -3  -2  0   
497 -1  0   -11 -40 -11 -9  1   0   
498 0   1   -1  -5  -3  -13 -2  -4  
499 -3  0   2   7   2   5   -2  -3  
500 0   0   0   4   2   6   0   2   
501 -1  -1  2   3   -7  -23 -4  -2  
502 -4  -3  -4  3   0   9   0   -1  
503 0   -1  2   1   -4  -3  0   2   
504 -1  -4  -6  -7  2   -8  -3  -2  
505 0   0   -4  -19 -6  -8  -2  1   
506 -4  -1  -6  -8  -3  0   1   0   
507 -2  -1  2   4   -1  -3  -1  -2  
508 0   0   1   1   2   6   1   -3  
509 -2  -3  -4  -2  5   10  0   -3  
510 -1  -2  0   3   3   -5  0   -2  
511 -1  -1  -2  -7  2   8   -1  -2  
512 1   1   3   2   -7  -3  0   2   
513 -1  -1  -5  2   0   3   1   0   
514 1   0   0   7   4   2   0   1   
515 0   3   4   4   3   -1  0   0   
516 -2  -4  -2  4   4   -7  0   -1  
517 0   2   2   4   6   2   -2  -2  
518 0   -1  0   0   -2  -4  -3  -2  
519 -1  -1  2   5   7   9   2   -2  
520 -3  -1  0   -2  -1  -6  -1  -1  
521 -2  -1  -3  1   -3  -2  -3  -2  
522 -1  -2  3   4   -2  1   2   -3  
523 0   2   2   -5  -1  6   -2  -1  
524 1   0   -2  -8  -7  1   0   2   
525 -1  -1  -1  -4  -2  -13 -3  -1  
526 1   -1  -2  3   0   7   0   -3  
527 -1  0   -1  -11 3   9   1   -2  
528 1   0   0   1   4   4   0   0   
529 1   2   4   -5  -3  -2  -1  1   
530 -4  -3  -5  2   -4  -9  -2  -2  
531 -2  -2  -6  -18 -4  -6  -2  -6  
532 -3  -2  -4  2   -4  -5  -2  -1  
533 2   -1  -3  -1  -2  -12 0   3   
534 -1  2   2   5   3   3   0   0   
535 -1  -1  -3  -6  -5  1   -2  -1  
536 0   -4  -3  -6  -1  -9  -2  3   
537 -3  -2  -4  4   1   2   2   1   
538 0   -2  0   13  -3  -2  -1  -1  
539 0   -1  -3  -5  1   8   0   0   
540 1   -1  1   7   2   -3  -2  -2  
541 -1  -1  1   0   0   -13 1   2   
542 -2  -1  -6  -1  -5  -8  0   -1  
543 -4  -3  -3  -1  -3  6   -1  -5  
544 -1  0   0   -2  1   -4  -1  0   
545 0   0   0   -11 -3  -6  -1  3   
546 -2  0   2   4   5   4   -1  -5  
547 1   0   -3  -13 -2  0   1   1   
548 -2  -1  -2  -4  -6  0   -1  -4  
549 3   1   3   1   3   -9  -3  3   
550 -2  -4  1   4   -7  -14 -2  -3  
551 -1  0   -5  -5  -6  -12 -2  1   
552 1   1   -1  2   -10 -23 1   2   
553 0   3   6   0   -9  -4  -2  -2  
554 -2  0   -3  -8  -1  5   -2  -2  
555 0   -2  -3  -4  3   6   -1  -2  
556 0   0   0   9   3   -6  0   0   
557 -1  -1  -3  -8  -7  -6  -3  -3  
558 -1  -3  -4  2   2   2   -2  0   
559 1   0   1   9   4   2   0   -1  
560 -2  -2  -1  -2  0   11  -3  -3  
561 -1  -2  -3  1   -4  13  0   -2  
562 2   0   -4  -14 -10 -17 -6  -1  
563 0   2   7   13  6   12  0   0   
564 -2  0   0   2   -3  -4  -3  -1  
565 -1  0   -5  -10 1   -2  -5  -1  
566 -1  -2  3   23  1   -3  2   1   
567 -1  -3  -2  -3  0   -1  0   -3  
568 0   1   -2  -14 -1  -2  -1  0   
569 0   0   -1  3   0   -2  -2  -1  
570 0   1   -2  2   0   -10 -2  0   
571 -3  -3  -1  -7  -3  -1  -2  -1  
572 0   -1  -2  -10 -5  -9  -2  1   
573 0   0   -1  2   -2  -1  -1  -1  
574 -1  0   -3  -14 -2  -10 -3  0   
575 -2  -1  -6  -6  3   -3  0   1   
576 -2  -1  2   6   0   4   0   0   
577 -1  -1  0   6   3   8   2   -1  
578 1   3   2   4   -4  -9  -2  0   
579 0   1   2   8   4   8   -2  0   
580 -2  -2  -4  -2  0   -1  -1  -1  
581 -1  -1  -3  -5  3   22  -1  1   
582 -1  0   -2  1   -1  -4  -2  1   
583 -1  1   -2  -2  1   5   2   0   
584 3   3   5   18  -1  -11 -1  -2  
585 -1  -3  -5  -5  -3  -3  -2  0   
586 -4  -2  -2  -1  -2  15  0   -2  
587 -2  -1  -2  -1  3   -1  -1  -1  
588 -1  -2  -3  -2  -1  2   -2  -4  
589 -1  1   2   -3  -2  3   0   -2  
590 1   1   1   3   0   -1  0   0   
591 0   4   1   0   3   4   1   -1  
592 -2  -4  -3  -2  0   0   -1  2   
593 -2  -2  2   1   2   14  -2  -3  
594 -1  1   2   0   -2  -4  -2  -2  
595 1   0   1   -4  3   14  0   -1  
596 -1  2   5   2   -1  -3  0   0   
597 0   -1  -2  -19 -12 -12 -2  0   
598 0   0   1   -1  -1  -5  -1  0   
599 0   -1  -4  -6  -4  -17 -2  -1  
600 -1  1   4   12  -1  5   -2  -1  
601 -1  0   1   1   0   1   -1  -1  
602 0   -1  1   2   -5  -13 -2  0   
603 1   1   1   -2  -3  -5  -3  -1  
604 -1  -3  0   8   2   4   0   0   
605 -1  0   0   -4  0   -2  0   -1  
606 -2  -2  -3  -6  -2  -11 -1  1   
607 -2  1   0   2   0   3   -1  -1  
608 0   -3  -2  0   2   1   0   -1  
609 1   -1  -2  2   0   0   0   -1  
610 -1  -2  0   8   1   -2  -1  -2  
611 0   -2  1   3   0   -4  -1  0   
612 -1  -1  -2  7   2   0   -1  -1  
613 -2  -3  -5  -2  -4  -15 -3  -2  
614 1   -1  -1  6   0   -1  -1  0   
615 -2  -4  -3  -1  0   0   0   -1  
616 -2  -3  -5  3   -3  -4  -2  1   
617 -1  -2  -5  -15 -2  -2  -2  -3  
618 -2  -1  -3  -8  -2  -8  -1  -1  
619 -1  0   -3  2   2   1   0   -3  
620 0   -1  -1  0   0   -1  0   0   
621 2   2   1   -2  4   11  -1  1   
622 -2  -1  -3  -6  -5  -16 0   1   
623 -1  0   -1  -2  -3  1   0   0   
624 -2  -4  -2  8   0   8   0   1   
625 0   1   0   -2  -1  -2  -1  0   
626 -3  1   -2  -1  -7  -22 -3  -1  
627 1   0   1   -5  -1  -14 -3  1   
628 -2  -1  -3  -4  -1  4   0   -1  
629 -1  -3  -4  -7  -3  -1  -1  1   
630 0   -2  1   3   -1  -5  -1  -1  
631 0   -3  -1  -4  -2  4   -2  -2  
632 -2  -4  -3  -3  -3  -4  -1  -1  
633 -2  -4  -2  2   0   4   1   -1  
634 0   1   -3  -9  -1  10  1   1   
635 -1  -1  -5  -7  2   -2  -4  -1  
636 1   2   0   -1  -1  -1  -1  -1  
637 -1  -4  -2  2   -2  11  -1  0   
638 0   1   2   3   0   -3  -2  -1  
639 -1  -1  -1  0   5   1   -1  -1  
640 -2  -1  -2  -5  -5  -12 0   -2  
641 -1  -1  0   -3  -1  -2  2   2   
642 -1  1   1   1   -5  7   -1  0   
643 0   1   -4  -8  -3  2   0   -1  
644 -2  -1  -2  -9  -8  -5  -2  -4  
645 0   3   5   5   3   5   -2  1   
646 -1  -3  -4  -1  3   -5  1   -1  
647 -2  -1  -2  4   -4  -4  0   0   
648 -3  -2  -1  1   2   17  0   0   
649 0   -1  4   13  1   -5  -1  0   
650 -1  0   -1  2   1   -1  -2  0   
651 -1  -2  -1  4   -4  -5  -1  -1  
652 -1  -4  -2  8   0   -5  -3  1   
653 -1  1   0   5   2   12  0   -3  
654 2   2   2   1   3   -5  3   2   
655 -1  -1  2   3   -5  1   -2  6   
656 2   3   5   1   -1  6   1   2   
657 -2  -3  -2  3   -6  -3  -1  -3  
658 -2  1   -1  -2  -4  -6  -2  -6  
659 -3  -1  -2  0   -4  -7  -2  -1  
660 -4  -5  -6  2   3   22  1   -3  
661 -1  -2  0   -4  4   -4  0   -1  
662 -4  -3  -3  1   -4  -10 0   0   
663 -2  -1  1   3   0   3   -1  -2  
664 -5  -6  -3  -5  -8  -12 -3  -1  
665 -1  -1  0   8   1   -4  -1  1   
666 2   2   -1  -9  -5  1   1   2   
667 0   -1  2   13  -4  -3  1   2   
668 -1  -2  -1  -6  -1  -5  -3  2   
669 -2  -1  1   6   2   -15 -4  -3  
670 -4  -3  -2  -5  -1  2   -1  -2  
671 -1  -2  0   7   3   5   1   0   
672 -1  -6  -2  6   -4  0   -1  -4  
673 0   0   -1  -10 -12 -9  -1  0   
674 3   0   2   3   1   -8  0   1   
675 -4  -2  4   0   -10 -19 -2  -4  
676 -1  -2  -7  -11 -5  1   -1  1   
677 -1  -3  -2  -4  -7  -13 -3  -2  
678 -4  -2  1   3   -1  -12 -2  -4  
679 -2  -3  -6  -8  -4  -10 -1  -2  
680 1   0   0   0   -1  2   -1  2   
681 -2  -4  -3  8   -3  -20 -3  -5  
682 0   1   0   0   -1  1   0   -1  
683 -1  0   1   4   0   2   -2  -3  
684 -2  -1  -1  -5  -3  -3  -2  -1  
685 1   -1  -3  -2  3   20  3   1   
686 -4  -5  -9  -5  -1  6   -4  -2  
687 -3  -3  1   2   1   -5  -3  -5  
688 -2  -2  0   0   -3  -1  -2  -2  
689 0   0   0   -1  2   -1  0   -2  
690 -1  -3  -3  6   2   1   1   -1  
691 1   -2  1   4   2   1   0   -1  
692 0   0   -2  -8  -3  17  1   -1  
693 2   -1  -2  4   0   -1  0   2   
694 1   0   -3  2   2   -9  -3  -2  
695 -1  -7  -8  0   5   16  -1  0   
696 0   3   5   2   0   8   -2  -2  
697 1   -1  2   -3  3   2   0   1   
698 -3  1   0   0   0   5   -2  -3  
699 0   -1  -4  -6  -6  -6  -1  -4  
700 1   0   -1  1   -4  20  3   0   
701 0   -1  -2  -7  3   10  2   2   
702 0   -1  0   0   -2  -21 -2  1   
703 0   1   -1  -1  2   -10 -1  0   
704 -1  -2  -2  -2  -7  -10 1   -4  
705 0   -2  -3  -8  -7  -8  0   0   
706 0   -1  1   4   1   -3  -3  -2  
707 -3  -3  -6  -9  6   37  0   -3  
708 -2  -1  0   3   -1  -6  -3  -3  
709 0   2   6   5   -1  -23 0   0   
710 -1  -2  -6  0   -2  -1  -2  -1  
711 -2  0   8   7   -2  -4  1   -3  
712 0   -2  0   2   4   7   1   0   
713 -1  1   -2  -15 -7  -7  -1  -3  
714 2   1   1   -6  3   29  2   -1  
715 -1  -1  -3  0   2   10  0   0   
716 -1  -2  -4  -1  -1  2   -2  -1  
717 2   -2  -2  3   3   -3  2   0   
718 -5  -5  -3  4   -1  -7  -2  -1  
719 -4  -5  -3  3   -3  -8  -3  -4  
720 2   0   0   -2  3   -1  -1  -1  
721 0   2   6   9   5   6   1   1   
722 0   -1  -1  -5  -10 -15 -6  -1  
723 -3  -3  -2  2   2   -9  -2  -1  
724 -2  0   0   2   -2  4   -1  0   
725 2   0   1   0   3   -1  0   2   
726 -1  2   -5  -3  -3  -2  -2  -1  
727 3   0   0   -3  -2  1   -1  -1  
728 -2  -2  -2  -2  -5  -2  -1  -4  
729 0   1   1   3   4   13  3   -1  
730 -1  -2  2   7   -1  -2  0   0   
731 -2  0   -2  -6  1   -6  -1  -4  
732 -1  0   -2  -4  -3  -1  1   0   
733 0   -1  -1  3   -4  -4  -1  -1  
734 0   -1  3   4   3   -4  0   0   
735 -2  -4  -4  3   1   -12 -4  -4  
736 -3  -3  -3  0   0   13  -1  -3  
737 1   -2  -2  1   4   -4  1   0   
738 -2  -1  -2  -2  3   3   2   0   
739 2   3   3   -1  -2  1   -1  3   
740 -3  -4  -5  -6  -9  0   -2  -2  
741 -3  -4  -5  0   -1  -5  -1  -2  
742 0   -2  -2  0   2   10  2   -1  
743 -3  -2  -2  1   -6  -2  0   -5  
744 0   -3  0   5   0   -5  -1  0   
745 0   1   5   13  2   -3  0   1   
746 3   -1  1   4   3   0   1   5   
747 -1  0   -4  -8  0   4   1   -1  
748 -1  2   3   7   4   2   0   -4  
749 -1  -3  -4  -4  -3  -2  -2  -2  
750 -2  -3  -2  -3  4   6   0   -1  
751 0   2   2   -4  -4  -13 0   -2  
752 0   -1  -1  -5  6   11  1   -1  
753 0   -3  -2  -2  -1  0   0   -3  
754 -2  -2  -1  -2  -4  -4  -5  0   
755 0   -2  -4  4   2   5   0   -1  
756 0   -2  1   16  1   -1  -2  -2  
757 -1  1   0   -5  0   0   -1  1   
758 -3  -3  0   7   1   5   -3  -1  
759 1   3   4   2   1   4   0   -2  
760 1   -2  -2  -10 -13 -16 -2  -2  
761 1   -2  -4  -3  -9  0   0   1   
762 -1  -2  -3  -1  5   3   1   1   
763 0   2   -3  -14 2   15  1   0   
764 -3  -3  0   3   -2  -4  -5  -2  
765 1   0   1   6   -3  11  -1  -1  
766 0   -4  -5  -6  -3  0   -1  -1  
767 -2  -3  -4  -1  1   -3  -2  -2  
768 1   1   0   -1  2   7   2   1   
769 -4  -2  -4  -7  -5  -15 -3  0   
770 1   1   4   8   2   3   0   1   
771 1   0   3   2   3   -1  1   0   
772 -1  3   1   0   -2  -12 -1  -3  
773 -1  -1  1   9   -6  -6  -4  -1  
774 -5  -4  -3  -9  -4  0   -2  -2  
775 0   1   -1  -4  -1  -6  -1  0   
776 0   0   -1  -6  -3  3   -1  0   
777 0   0   1   -2  0   1   -1  0   
778 0   -1  0   1   -3  -2  0   0   
779 -3  -3  -4  -15 -1  7   -1  0   
780 1   -2  -1  8   6   7   -1  -1  
781 -1  -1  0   3   -1  1   -1  -1  
782 -3  -2  -5  -10 -6  -8  0   -2  
783 -2  -1  0   8   1   -7  -1  0   
784 -2  -1  1   -2  3   1   -1  0   
785 -1  0   1   0   3   16  -1  0   
786 -2  -3  -4  -4  -6  -4  -3  -3  
787 0   -1  -3  -1  -1  3   -1  -1  
788 -2  0   -1  -3  -4  1   -2  0   
789 -1  -3  -3  -2  3   -4  -1  -1  
790 -1  -1  -2  5   0   3   -1  -3  
791 -3  -3  -2  -1  -1  -1  0   -1  
792 -1  0   -1  9   -2  -14 0   2   
793 0   -1  -3  -4  0   2   -1  -1  
794 0   -1  0   7   11  13  3   1   
795 0   -1  -4  -17 -7  -5  -1  -2  
796 -1  -1  -5  -5  -3  -4  -2  -1  
797 -3  -4  -2  2   -4  -8  -3  -2  
798 0   1   4   6   0   1   0   0   
799 0   -1  0   6   -2  -7  -2  -2  
800 -1  -3  -5  1   -1  -8  -1  -1  
801 -2  2   2   1   -3  9   -2  2   
802 0   -1  -1  9   4   1   1   -2  
803 1   -2  -3  1   1   -12 1   0   
804 1   -3  -2  -8  -3  -7  -1  -1  
805 -2  -2  -1  4   0   -7  0   -3  
806 0   1   1   -1  -1  -5  -1  0   
807 0   -2  1   1   -5  -6  -3  0   
808 0   1   0   -1  -1  -16 -2  -1  
809 0   -1  -2  10  6   5   -1  0   
810 0   -3  -2  3   2   -5  0   -1  
811 -3  -5  -2  7   2   -2  -1  -1  
812 0   -2  1   0   0   -7  -1  -1  
813 1   0   -2  -11 2   7   1   0   
814 -2  0   1   6   4   -6  -1  -2  
815 0   -2  -6  -13 -5  4   -2  0   
816 0   2   3   4   -1  -1  0   -1  
817 -2  -4  -6  0   -2  -5  -2  -1  
818 2   3   5   3   1   3   -1  2   
819 0   -2  -4  -9  0   -6  0   -2  
820 -1  -1  -1  0   -7  -6  -3  -1  
821 -2  1   -3  -2  -4  -10 -1  -1  
822 -1  -5  -7  0   4   9   -1  -1  
823 -1  -3  -5  3   3   -9  -1  1   
824 -3  -5  -4  6   -1  -10 0   -1  