
1 0   0   0   0   0   0   0   0   
2 0   0   0   0   0   0   0   0   
3 0   0   0   0   0   0   0   0   
4 0   -1  1   -2  -4  -6  -1  -1  
5 1   2   0   4   -1  -2  0   0   
6 4   2   2   -2  -2  -3  -2  -3  
7 -2  -1  -1  1   2   -2  -2  -1  
8 -14 -4  -2  -2  -1  -4  -2  -2  
9 4   0   -3  -1  -2  0   -3  1   
10 11  -2  0   0   -1  -3  -1  1   
11 -2  -2  -3  -2  0   0   -3  -1  
12 -10 1   -3  -1  -2  0   0   -3  
13 -2  -2  0   -1  -1  -4  1   -1  
14 2   2   2   2   0   -3  2   1   
15 0   -3  -4  -5  -2  -1  -4  0   
16 1   -2  -5  -2  -3  -3  1   -2  
17 -13 8   1   2   0   -3  1   -1  
18 2   -2  -3  -2  -5  -6  0   -2  
19 -22 0   4   2   3   0   -7  -1  
20 5   0   -26 -3  -2  1   -1  -2  
21 -5  -5  -1  -1  -2  -5  -2  -2  
22 5   6   6   -2  0   -6  1   0   
23 2   1   -4  -2  -4  -2  -4  -1  
24 0   1   -4  -1  2   2   -1  -1  
25 2   -4  -2  1   -2  -1  0   -1  
26 -4  -2  -4  -3  1   2   0   -1  
27 -1  1   3   -1  -2  2   -1  -8  
28 -5  -5  -2  11  2   1   -1  -2  
29 -2  -8  -5  -1  0   -3  3   -1  
30 2   9   4   2   -1  -1  3   0   
31 -6  -1  0   1   0   2   1   -2  
32 -3  0   -7  0   -1  3   1   -1  
33 -3  -4  -5  0   3   -3  -1  3   
34 -2  2   1   2   -4  3   1   -2  
35 1   -4  -1  2   -3  -2  1   0   
36 2   0   -4  -2  -3  -2  1   -1  
37 -5  -4  0   1   -1  -1  0   -1  
38 1   0   -2  1   0   -3  -2  -4  
39 2   1   0   -1  1   3   -1  3   
40 9   1   -2  -1  -3  -2  2   1   
41 -1  -3  -2  -1  0   -3  1   0   
42 -4  0   5   -1  2   -1  -1  -2  
43 10  2   -1  0   0   1   -1  -3  
44 -2  4   2   2   2   1   -1  49  
45 -2  -1  -3  -2  1   0   1   -5  
46 4   4   6   3   2   1   0   -2  
47 -1  4   4   2   1   1   -3  -3  
48 -6  -3  1   -1  1   0   -1  0   
49 -5  0   -4  -3  1   -3  -1  0   
50 2   -3  -1  -2  -1  -1  -1  -1  
51 0   -2  -2  -3  -2  -3  0   0   
52 0   -4  -4  -1  -1  -3  -2  -1  
53 1   8   4   2   -2  2   -2  0   
54 4   1   1   -1  -3  -3  -4  -1  
55 6   -1  -1  -2  -1  -1  1   -1  
56 -2  0   -1  -1  -3  -1  -2  -1  
57 3   -3  -3  -4  -2  -4  -2  -1  
58 0   3   1   0   2   2   0   0   
59 2   1   -2  -2  -4  -1  -3  0   
60 -5  -1  3   1   2   0   -1  -1  
61 4   0   -2  1   -2  -2  1   1   
62 -1  -1  -1  -2  0   0   -1  0   
63 7   -3  -2  -2  -2  -1  -1  -1  
64 4   1   -3  -4  -2  -1  -1  0   
65 0   -2  0   0   -2  -1  -4  -1  
66 -2  -2  0   -1  0   -3  1   1   
67 15  0   -1  -2  -2  -3  -2  0   
68 4   2   0   -2  0   -2  -2  0   
69 -2  -1  -1  -2  -3  0   -1  0   
70 4   5   1   -1  2   3   0   -1  
71 -4  -4  -3  -4  -3  -3  -1  -1  
72 3   -4  -5  -2  -1  -2  -3  -2  
73 1   0   0   0   2   -2  1   -1  
74 -1  -1  1   -1  2   5   0   2   
75 -2  -2  -2  0   0   -2  0   -2  
76 -6  -1  -1  -1  -1  -2  -1  -1  
77 0   -2  -2  -4  0   0   -1  -1  
78 -1  0   0   2   2   1   0   0   
79 -5  -2  -4  0   0   1   0   -1  
80 -7  -1  -1  3   1   0   -1  1   
81 1   5   3   8   2   3   1   0   
82 -9  1   1   0   51  0   -4  -16 
83 -9  -7  -2  8   74  -2  -5  -8  
84 2   0   -2  -10 -48 -8  -4  -1  
85 -19 -2  -2  1   12  1   3   3   
86 -5  2   3   2   4   1   -4  -5  
87 6   3   -1  -2  10  -6  -9  -2  
88 -7  -7  -11 -20 -50 -19 -11 -3  
89 -18 -7  -4  -1  -15 -3  -4  -3  
90 -14 -1  1   -1  13  -7  -1  -5  
91 0   3   1   2   16  2   -1  -5  
92 -2  2   -1  1   19  -4  -4  3   
93 10  -2  -1  -4  -17 -6  -3  4   
94 -5  1   5   5   17  0   0   -1  
95 -4  -2  -1  1   6   -1  -1  4   
96 15  1   -1  -5  -13 -9  2   8   
97 -1  -3  -4  -3  20  0   1   9   
98 10  4   0   1   -1  2   -2  -7  
99 -10 -2  1   0   2   7   2   4   
100 0   -3  -2  -6  -21 -2  -1  3   
101 -10 -3  -3  -1  24  8   1   -3  
102 3   -5  -3  -1  -1  6   -1  -1  
103 -4  -4  -2  6   33  6   2   3   
104 -3  -7  -6  -2  -1  -6  -3  -4  
105 0   -5  -7  -17 -56 -20 -3  -3  
106 -4  -1  1   4   2   1   1   0   
107 -1  5   3   1   -23 -3  -2  6   
108 6   1   -1  9   30  6   -1  -1  
109 -6  -2  1   4   40  6   -2  -6  
110 -7  2   -3  1   14  7   1   4   
111 3   -2  -1  3   2   4   -3  3   
112 -9  -7  -6  -8  -4  -25 -12 -10 
113 13  3   0   -2  23  -5  -2  -3  
114 -24 -8  -3  -10 -21 -2  1   -3  
115 -5  2   2   -2  -27 -12 -3  1   
116 -2  0   -1  5   29  8   -1  0   
117 -1  -1  -1  -4  2   4   1   1   
118 -3  1   4   8   19  6   2   2   
119 0   -6  -7  -3  22  -18 -7  -2  
120 7   4   1   3   -25 4   4   -6  
121 1   -3  -6  -9  -45 -2  1   1   
122 -3  -4  -2  -8  -1  -8  -4  -12 
123 -3  -1  1   2   12  -3  -3  -3  
124 8   -2  -3  2   1   5   1   4   
125 -4  -5  -4  -1  -6  1   0   -2  
126 6   2   5   9   18  11  1   -3  
127 0   1   2   4   0   4   2   -2  
128 -2  0   1   3   2   3   2   1   
129 11  -1  2   1   -9  1   -1  0   
130 -3  -4  -4  -9  -24 -8  -1  -1  
131 5   4   4   8   37  6   2   2   
132 3   -2  -2  -3  5   -2  -4  2   
133 -12 -4  -1  5   -1  4   1   -2  
134 1   -4  -4  0   -9  -5  -2  -1  
135 2   -6  -5  0   25  2   -2  1   
136 5   4   0   2   7   3   0   14  
137 -8  0   1   4   28  9   1   -3  
138 1   -6  -3  0   -15 13  6   4   
139 0   3   3   6   19  -1  1   -3  
140 -3  -4  -12 -21 -33 -23 -6  8   
141 -8  -6  -9  -18 -68 -19 -7  2   
142 0   4   5   4   19  -1  -2  -1  
143 -7  -1  -2  -2  -21 -3  2   1   
144 4   2   6   8   28  10  4   5   
145 -2  -2  -3  2   28  -2  -3  -1  
146 -17 -5  -5  -4  3   -2  1   0   
147 -2  -3  -5  -5  -13 0   0   -1  
148 -2  -1  -5  -6  -12 -3  -2  0   
149 -1  -5  -2  -1  -11 5   3   7   
150 3   2   1   -6  -3  -16 -6  -4  
151 11  1   -1  1   0   3   0   2   
152 3   1   1   8   38  10  4   -2  
153 31  5   -4  -10 0   -12 -8  -2  
154 4   8   5   4   -9  2   1   1   
155 -9  -2  -3  3   8   7   3   1   
156 -10 0   4   4   25  1   0   -3  
157 2   2   2   4   5   11  2   -2  
158 1   -3  -4  -7  -42 -5  -3  -5  
159 3   2   4   8   11  0   3   0   
160 -7  -5  0   2   11  2   -1  -2  
161 10  3   2   2   4   6   2   8   
162 -3  0   1   -11 -57 -10 -6  -7  
163 -3  -7  -9  -16 -23 -17 -7  -4  
164 9   1   -4  -5  9   0   -1  2   
165 -2  -5  -6  -7  -24 -5  -2  2   
166 -4  -2  0   3   20  6   1   -1  
167 0   0   0   3   5   4   2   -2  
168 17  3   1   1   7   2   6   14  
169 3   -2  -2  -5  -5  -10 -13 1   
170 -2  -1  -2  -1  4   0   -1  -8  
171 -3  -7  -4  -2  -3  -4  -1  4   
172 5   4   1   -2  -2  2   0   0   
173 -8  -6  -1  0   5   0   2   -1  
174 -4  -2  0   -2  2   -2  0   1   
175 11  1   -1  0   -3  1   -3  0   
176 -2  0   3   0   -2  0   -2  0   
177 -4  -1  -3  0   0   -3  -1  0   
178 -6  1   3   2   1   -1  -5  0   
179 -4  -2  0   1   1   1   -3  -4  
180 1   0   1   1   1   1   -2  -1  
181 -9  -3  0   1   -1  0   -1  -1  
182 -1  -1  1   -1  -1  3   0   -3  
183 0   -1  0   -1  2   -1  -1  -3  
184 -2  -1  1   -1  -1  -1  -1  -1  
185 1   -1  1   0   0   2   3   -1  
186 -8  3   3   2   2   -1  -1  -1  
187 2   0   2   1   0   1   2   4   
188 0   2   1   0   -1  -4  -2  -3  
189 1   0   -2  -2  0   -3  -3  -2  
190 8   6   2   3   0   -1  1   0   
191 0   -3  -3  -3  -1  1   2   1   
192 -3  -2  -3  -1  -1  -1  -2  -4  
193 1   -1  0   0   0   -5  -4  0   
194 1   5   1   0   -2  -3  -4  -2  
195 -5  -4  2   -4  -6  -9  -3  1   
196 -3  1   2   0   -3  -1  -1  -2  
197 -5  -5  -3  -1  5   5   3   1   
198 -4  1   0   1   -4  -9  -3  1   
199 -7  2   1   -1  -1  3   -4  -2  
200 -4  0   0   2   2   1   0   0   
201 3   2   3   3   0   -3  0   0   
202 -5  -3  -3  -2  -1  -1  -2  -2  
203 -4  4   1   1   2   3   1   0   
204 2   0   1   -1  -5  -5  -3  -1  
205 -2  0   -2  -2  -2  0   0   -3  
206 -7  -3  -1  -2  0   1   -3  -3  
207 0   1   -2  0   1   4   1   0   
208 1   0   -1  0   -1  2   -1  0   
209 3   1   -2  -1  -2  3   -1  -1  
210 -2  -2  0   -1  -4  -4  -3  1   
211 1   0   2   2   -1  -1  -2  -3  
212 -4  -4  -3  -2  -1  -1  -1  -2  
213 0   -5  -4  -4  0   2   2   1   
214 -3  -1  -3  0   1   4   1   -1  
215 0   0   2   0   0   -4  -1  0   
216 -7  -6  -1  -2  -4  -5  -2  -2  
217 -4  -6  0   -1  1   10  0   -2  
218 1   -2  0   0   -1  -5  -1  0   
219 3   0   3   3   -2  -7  1   -1  
220 -4  -3  -5  -3  -6  -2  -1  -2  
221 -3  -3  -3  -4  1   0   1   0   
222 2   0   5   3   3   1   -2  -2  
223 -1  0   0   1   1   0   0   0   
224 -3  -3  -2  -3  -2  -3  -2  0   
225 -3  -4  -1  -1  0   3   1   -1  
226 3   -2  -2  -1  0   4   -1  0   
227 -3  1   -2  -2  1   -3  -2  -2  
228 -2  -2  -3  -6  -4  -5  -4  -3  
229 -4  -1  1   -1  -4  -4  -2  -2  
230 -3  -4  -3  -2  1   2   0   4   
231 -1  -4  -2  -2  -1  -1  1   -2  
232 5   0   4   4   1   0   0   0   
233 -3  -1  -3  -4  -3  0   1   1   
234 1   2   2   1   2   7   3   1   
235 -4  -2  -5  -5  -5  -10 -3  -1  
236 -3  2   2   0   -3  -3  -2  -2  
237 1   3   0   1   2   4   0   0   
238 1   -1  0   0   3   -1  2   -1  
239 3   2   0   5   3   4   0   -1  
240 4   2   2   1   3   1   -2  0   
241 -4  -2  -3  0   2   1   3   2   
242 2   0   1   1   -1  -3  0   -1  
243 -2  -7  -6  -7  -9  -9  -4  -2  
244 -11 -5  -2  -2  -1  -4  -2  -1  
245 -6  -6  -2  -4  -2  2   -1  -2  
246 3   1   -2  -1  -1  2   1   -2  
247 0   -2  -3  0   0   -1  -2  0   
248 1   -1  -1  -1  -2  0   0   -1  
249 -7  -4  -3  -2  0   -1  -1  -2  
250 -3  2   3   2   5   4   -1  1   
251 1   1   4   4   1   2   -2  -2  
252 -3  4   3   5   7   6   1   1   
253 0   -4  -7  -5  -2  0   0   0   
254 5   -2  -2  -2  -2  -2  -2  -1  
255 -3  -1  -2  -2  -1  1   0   -2  
256 -2  -1  0   -1  -1  -4  -2  -1  
257 6   -2  -2  2   1   2   0   1   
258 1   0   -1  -1  -2  -2  -2  1   
259 -3  -1  3   2   0   0   -1  -2  
260 6   3   2   2   0   2   0   1   
261 -3  0   -2  -1  0   -2  0   -2  
262 -4  -2  -2  -3  -2  -2  -3  -3  
263 9   0   -2  -3  -4  -8  -2  -1  
264 2   -1  -1  -3  -3  -4  -3  -1  
265 -8  0   -1  -1  -3  -5  -3  -32 
266 13  1   0   1   3   4   3   2   
267 20  -1  -3  -1  1   -5  0   29  
268 -11 0   -1  0   -13 -14 -11 -7  
269 10  4   1   1   3   0   3   -1  
270 -3  -3  -5  -1  0   3   0   15  
271 -44 -6  0   1   -4  3   -1  17  
272 36  5   1   2   2   -2  2   2   
273 16  5   -4  -3  -8  -4  -2  -4  
274 -9  -4  -2  -1  3   1   2   3   
275 13  9   1   1   4   3   2   -6  
276 3   -3  0   1   0   -1  1   -11 
277 13  0   -1  -2  2   -2  -3  -39 
278 5   0   -8  -1  -12 -17 -1  24  
279 15  3   -2  3   7   -2  -2  -20 
280 -6  -3  0   -5  -8  8   3   9   
281 -17 -3  1   2   0   1   -1  -8  
282 -9  0   0   -1  0   -6  -6  -10 
283 12  3   0   -2  -1  9   12  5   
284 1   -2  -4  -2  -3  0   -1  -3  
285 3   1   1   -3  -12 1   1   0   
286 11  0   0   -1  -2  -3  -1  -1  
287 -4  1   0   0   0   -8  -1  -6  
288 -5  -2  -3  -2  -7  -3  -3  -10 
289 10  6   4   5   10  13  3   -2  
290 4   -1  -2  -2  -2  -6  -1  -5  
291 2   4   0   0   2   5   -4  -1  
292 -11 -1  -1  1   5   0   -3  -34 
293 5   -3  -4  -4  -9  -6  -4  28  
294 7   3   0   -1  -1  3   0   -7  
295 -12 -2  -1  1   1   4   2   -4  
296 2   3   4   1   0   -1  2   -14 
297 17  3   -1  -1  -5  -7  -3  2   
298 -23 -5  -4  1   16  -7  -2  12  
299 -8  0   -2  -3  0   1   0   42  
300 23  9   5   -4  -10 -15 -7  -24 
301 -2  6   6   0   3   4   2   3   
302 6   0   -2  1   2   0   -2  1   
303 -2  2   3   -2  -7  2   -1  32  
304 12  -2  -1  2   1   4   1   -21 
305 6   -4  -4  -4  -3  -3  0   -15 
306 -9  -6  -4  -3  -4  -1  0   -19 
307 2   5   3   2   0   -2  -1  -10 
308 -13 -4  -3  1   -2  -2  -3  -12 
309 2   -2  0   2   7   2   2   7   
310 10  2   0   1   1   -1  0   2   
311 -1  -2  -3  -2  -1  2   -1  4   
312 -2  4   6   6   2   10  0   -1  
313 10  2   0   0   -1  0   3   -5  
314 -1  -1  -2  1   0   -1  -1  3   
315 10  2   2   3   2   7   2   21  
316 4   3   0   0   -2  -3  0   -14 
317 -6  -3  -1  0   0   0   1   -19 
318 3   -3  -1  -3  -6  1   -4  4   
319 -9  -2  -2  -3  1   -2  -3  29  
320 -6  -5  -3  -3  -2  -4  1   -16 
321 6   -1  -2  -1  -1  -3  0   0   
322 -13 -2  0   0   4   3   -2  -6  
323 -5  0   -2  -2  -5  -7  -1  -12 
324 4   -1  -1  -1  -2  1   -1  -9  
325 -9  -5  -5  -1  2   -2  -5  -4  
326 -12 -5  -3  -2  -2  -4  -3  3   
327 1   -3  1   -1  0   4   4   31  
328 -8  -2  -4  -1  -2  2   1   -9  
329 -7  2   1   2   0   -2  -1  -21 
330 0   -3  -2  -2  -4  -9  2   -19 
331 1   -3  -1  -1  0   3   5   35  
332 -12 -2  -5  -9  -8  -10 -5  4   
333 -18 -1  4   0   -1  1   0   -5  
334 -15 -4  -1  -4  -6  -5  -4  -20 
335 0   2   1   -1  0   -2  -1  5   
336 7   -3  -1  0   -2  0   -1  -6  
337 -1  0   -2  -3  -1  2   0   -10 
338 -3  -4  -1  -1  0   -1  2   6   
339 4   -3  -2  -1  -1  -2  1   14  
340 9   1   1   1   3   2   2   2   
341 -5  -3  -2  -3  -1  -3  -4  15  
342 12  0   -1  -3  -2  -1  1   5   
343 -14 -4  -1  2   0   8   -1  -10 
344 5   -1  1   1   2   2   4   17  
345 -12 -4  -1  0   3   0   1   -14 
346 -2  0   1   2   -1  -2  -2  3   
347 -2  -2  -4  -4  -3  -5  -1  36  
348 2   2   3   -2  -3  -3  -3  13  
349 17  0   2   3   2   2   2   6   
350 0   -2  -3  0   0   1   0   14  
351 0   -1  -3  -2  -3  -1  -3  -1  
352 -8  -6  -4  -2  -1  -7  0   -6  
353 48  4   2   -3  -5  3   2   9   
354 -6  -4  1   2   0   0   -3  -3  
355 1   4   1   -3  -1  4   -1  -26 
356 17  5   1   -4  -4  4   3   17  
357 -21 -8  -7  -4  -7  -8  -3  3   
358 12  1   -1  -2  1   1   -1  1   
359 -16 -6  -2  -1  2   0   0   -6  
360 -1  2   -2  0   1   6   -3  5   
361 -10 -1  0   0   -2  6   -1  -6  
362 -7  -4  -2  -2  1   -1  2   -7  
363 -5  -1  0   1   5   -3  1   -4  
364 12  -2  -1  -1  0   -4  -2  -16 
365 0   -5  -4  -2  -3  -4  1   7   
366 -14 -3  0   2   3   4   3   0   
367 10  4   4   2   2   -1  1   0   
368 6   -1  0   1   1   -2  -4  -4  
369 7   3   4   6   1   7   4   -5  
370 -6  -5  -10 -26 -61 -15 -10 -7  
371 7   2   -2  -3  0   -16 -5  1   
372 -12 1   -1  -1  -1  -5  -3  3   
373 0   -5  -4  -9  -36 -7  -2  2   
374 3   -1  -2  -1  -2  -6  0   -1  
375 5   -2  -3  1   -12 -5  -1  -2  
376 6   2   0   0   6   4   1   1   
377 2   -1  -1  -2  -2  -1  -1  0   
378 -5  -3  -3  -2  -6  -2  -2  -4  
379 1   0   -1  -1  -1  2   -2  0   
380 -3  -1  0   -3  -3  -4  6   -3  
381 3   0   0   0   -7  -8  -1  0   
382 -7  1   0   0   1   1   0   1   
383 1   -2  -3  -2  -1  -1  -1  2   
384 -12 -5  -3  0   7   2   -2  -3  
385 3   2   1   3   5   2   0   1   
386 0   0   0   -2  -2  -1  -1  3   
387 5   6   0   1   3   6   -2  -5  
388 -4  -2  -1  -1  -3  -6  -1  -3  
389 -2  -2  -5  0   1   -1  -1  -1  
390 -4  -3  -2  -1  -1  2   0   0   
391 2   -1  -1  0   -8  -8  -2  -2  
392 3   2   1   2   -2  -1  -1  1   
393 0   1   0   0   -3  2   -2  2   
394 -20 -4  -2  -2  -3  7   -2  -2  
395 0   1   -1  -2  1   3   -1  -3  
396 -2  -2  1   3   0   -4  -1  -2  
397 6   5   5   4   10  13  3   2   
398 -10 0   2   0   0   -1  1   0   
399 8   -6  -3  -3  -4  -2  -3  -5  
400 -3  -2  0   -3  -9  -6  0   -9  
401 -2  0   -2  -2  -4  2   -1  2   
402 5   3   3   3   1   10  3   1   
403 -6  -2  -3  -3  -14 -4  -4  -3  
404 -11 -1  0   0   0   -3  -3  -2  
405 -12 -1  1   2   0   5   -1  -2  
406 6   2   1   0   0   7   2   3   
407 8   1   -2  0   -4  -3  -2  -2  
408 3   0   -1  -2  6   5   1   -1  
409 -3  -6  -5  -2  3   2   -1  -3  
410 -1  -3  -4  -1  -3  3   0   4   
411 -8  -2  -1  -2  -4  -4  -3  2   
412 0   -5  -2  -2  -2  -15 -2  -1  
413 -4  -1  -3  -4  -2  -3  -1  -1  
414 3   0   0   1   2   -2  -1  3   
415 4   -5  -1  -1  -1  -2  -4  -4  
416 -3  -2  1   -1  1   -3  -1  -1  
417 -3  -2  -2  -2  0   1   0   -4  
418 1   -1  2   1   -2  6   -1  -1  
419 7   0   -2  1   0   -8  -2  -1  
420 6   0   -2  -1  2   3   0   2   
421 -13 -3  -1  0   1   -6  -1  0   
422 6   0   -3  -3  -5  -8  -4  -3  
423 -1  3   1   0   -1  -2  -4  -1  
424 -3  -4  -1  -2  -3  -2  1   2   
425 0   -2  -4  -5  -3  -14 -1  0   
426 10  -1  0   -1  -1  -9  -2  1   
427 -7  -1  0   0   4   5   1   1   
428 -9  -3  -5  -3  -2  -1  0   -2  
429 3   -1  -3  -1  0   -2  1   1   
430 1   2   1   -2  -1  2   0   -1  
431 0   -1  -2  -1  -2  -3  -1  0   
432 -5  -1  -1  -2  -6  -3  -1  -3  
433 -9  -4  -1  0   0   3   1   0   
434 -2  2   0   1   1   2   1   -1  
435 0   0   0   0   3   0   0   -1  
436 5   -1  -1  -2  0   2   -1  -4  
437 1   2   2   3   0   3   -1  -2  
438 -2  -2  -1  -1  -2  -2  -2  0   
439 2   -1  0   2   1   4   1   -2  
440 -1  -1  1   5   -1  -2  0   -2  
441 -1  -3  -3  -1  -3  0   1   1   
442 0   -4  -1  0   2   1   -1  0   
443 -6  -5  -3  -3  -1  -7  0   -2  
444 -5  -3  -4  -5  -5  -9  -3  -3  
445 -3  -1  3   2   0   2   -6  -1  
446 -3  -1  0   1   0   2   2   -1  
447 0   1   0   -2  -2  -6  0   -1  
448 7   1   -1  1   2   2   0   -3  
449 3   -1  -2  -2  -4  -2  -1  -1  
450 2   -2  -1  -1  -5  -8  -3  -2  
451 -4  -1  0   1   1   2   -2  -3  
452 -2  2   2   0   0   4   2   2   
453 2   1   2   2   1   0   -3  -1  
454 -4  -5  -4  -7  -5  -7  -3  0   
455 0   0   0   4   0   -2  3   1   
456 0   3   1   -3  -3  -11 -5  -1  
457 -8  -1  -3  -1  -3  -7  -3  -1  
458 -14 -6  -3  -1  1   3   -1  -1  
459 -5  -3  0   0   1   1   -1  -3  
460 -7  -5  -2  3   19  6   1   -1  
461 -9  -1  1   2   -2  3   6   4   
462 -5  -6  -1  2   14  5   1   -4  
463 -13 -5  -4  -8  7   -8  -4  -6  
464 -1  -3  -4  -12 -67 -8  -5  -4  
465 -3  -1  -1  3   16  6   2   4   
466 -4  -1  -1  1   -1  -1  -3  -1  
467 5   0   0   -1  -4  -4  -5  2   
468 13  -2  -5  -2  -30 -1  -1  -5  
469 0   0   -2  -11 -29 -8  0   1   
470 -1  1   -2  -2  -1  -6  0   3   
471 -7  -2  2   5   8   4   0   -2  
472 5   -1  0   1   -7  6   0   1   
473 4   -3  0   -1  6   8   1   -2  
474 -8  -2  -1  -5  -15 2   1   -4  
475 -5  -5  -1  -2  -5  -12 0   -1  
476 5   -3  -2  1   8   -5  -1  -4  
477 3   0   -1  -2  5   -6  0   -1  
478 7   1   -1  -3  -2  3   1   0   
479 2   -2  -2  0   11  7   -2  -1  
480 -6  -5  -1  2   19  8   -3  -7  
481 1   1   -1  2   -1  -3  0   1   
482 3   2   -1  -1  5   -1  -5  2   
483 -5  -1  -1  1   6   0   -3  -7  
484 3   5   3   2   0   11  3   -5  
485 -17 -6  -4  -1  10  -2  -1  0   
486 -1  -2  0   0   -3  -7  -1  1   
487 8   4   3   0   4   -1  3   1   
488 -6  -6  -6  -7  1   -3  -1  3   
489 -6  -3  -3  -4  -11 8   -2  -4  
490 7   1   0   2   6   -7  -1  -2  
491 -2  -1  2   1   -3  -5  0   1   
492 8   -3  -2  1   8   7   2   -1  
493 -3  -5  -5  -4  -2  0   -2  2   
494 -4  1   2   2   11  10  0   -5  
495 -25 -4  -1  -5  -11 -5  -2  -3  
496 2   1   -2  1   5   -1  2   -11 
497 8   2   -2  0   13  -5  -2  1   
498 2   -1  -3  -4  -12 -7  -2  0   
499 -6  1   -4  -1  10  1   -5  -5  
500 -3  -2  0   2   10  -11 -1  -1  
501 3   4   1   0   -3  -7  -3  1   
502 1   -3  0   3   -2  5   1   -2  
503 -3  -1  2   6   38  10  2   -1  
504 2   -7  -5  -6  -30 -4  1   4   
505 0   -2  -2  -5  -4  -2  -2  -2  
506 2   1   0   2   -2  6   1   0   
507 -1  -1  -1  -4  -9  -3  0   -5  
508 0   -1  1   -9  -28 -14 -3  -2  
509 1   3   3   4   16  -3  -1  9   
510 -3  -2  -2  -4  -6  -2  0   -4  
511 1   1   0   2   9   4   1   0   
512 -1  -1  -3  -6  -26 -13 -4  1   
513 0   0   -3  -6  -13 -3  -4  -1  
514 5   0   3   4   3   1   5   6   
515 0   2   -1  3   13  -2  -3  -3  
516 -7  -6  -1  -4  10  -1  -2  -1  
517 -3  -4  -6  -7  -11 -10 -1  -1  
518 -1  -1  -1  0   1   -1  0   1   
519 4   -3  -2  2   18  1   -2  3   
520 3   -1  -3  -3  1   -5  -3  -1  
521 -6  -6  -1  -2  -9  -5  0   -16 
522 -2  -2  -5  -2  -7  -1  0   -2  
523 0   3   4   3   10  3   -1  4   
524 -1  -5  -3  -2  -17 -11 -3  -13 
525 0   1   -3  1   6   -4  -4  -2  
526 6   0   0   2   21  3   1   0   
527 -5  0   1   -8  -36 -15 -4  2   
528 4   2   0   -1  -2  -2  -2  2   
529 -9  0   2   4   5   1   0   -6  
530 5   0   -3  2   -3  3   4   9   
531 -2  -5  -8  -16 -41 -21 -9  -6  
532 -1  -2  -2  -4  -34 -7  -1  -2  
533 -2  0   -3  -13 -59 -20 -4  3   
534 3   4   3   5   1   5   2   3   
535 -2  -5  -3  -1  45  -10 -2  -14 
536 1   0   -3  -4  -8  -4  -3  0   
537 3   -2  -3  -3  -13 1   1   3   
538 8   0   -2  -7  -37 -3  1   -3  
539 -4  -3  -5  -2  0   1   -1  2   
540 -1  0   1   0   -14 0   -1  1   
541 -6  -2  -7  -17 -61 -20 -8  -7  
542 0   -1  1   0   16  -6  -2  -3  
543 0   -2  -2  -10 -16 -15 -5  -4  
544 0   1   1   -2  6   1   -2  -2  
545 -1  0   0   3   6   4   3   4   
546 -5  -1  0   -3  12  -11 -3  5   
547 -5  -2  1   -1  25  2   1   2   
548 -2  -1  1   0   -8  -9  -2  -5  
549 3   7   1   2   -31 -3  -2  -1  
550 -2  -2  -6  2   8   -2  0   -1  
551 9   -1  -3  -4  -17 -10 -3  0   
552 -2  -2  -1  -9  -19 -9  -5  -10 
553 -1  -1  0   -1  -13 -1  -2  -4  
554 -2  -2  -3  0   -2  3   -1  1   
555 8   1   -1  -2  1   3   1   15  
556 -4  -4  -4  -3  -1  -3  -2  3   
557 7   -3  -2  1   -2  -7  -13 1   
558 1   -3  -4  -2  -1  -9  4   -5  
559 -3  0   2   2   1   2   2   2   
560 -2  0   1   -1  -1  -1  0   -8  
561 -1  -5  -4  -3  1   8   1   -2  
562 -1  0   -3  -5  -7  -10 -3  -1  
563 0   4   4   2   -3  -1  -1  2   
564 -2  -2  -4  -3  -3  -4  -1  0   
565 6   -2  -3  -2  -1  1   2   2   
566 0   -2  0   1   2   10  0   -4  
567 -6  -2  -1  0   0   -4  -2  0   
568 -2  -4  -4  -2  -1  -3  -3  -1  
569 7   2   -1  -1  1   10  -2  -1  
570 5   -2  0   2   1   0   1   0   
571 6   -1  -1  -2  -5  1   0   -1  
572 -15 -1  -3  -1  -3  -1  -3  -4  
573 8   1   -2  -2  -1  -5  0   -1  
574 -3  -1  -1  -1  -4  -5  -3  -1  
575 1   1   -1  2   2   0   -2  0   
576 -2  -2  2   -3  -4  -8  -1  -2  
577 -2  -2  -5  -2  2   4   0   0   
578 -5  -3  2   -2  -1  -1  -1  -1  
579 3   1   0   -1  -1  6   -1  -1  
580 -1  -3  -2  -2  -2  7   -1  -1  
581 1   -1  0   -2  -2  0   -1  -1  
582 1   2   -2  -6  -10 -22 -6  -3  
583 3   1   -2  -2  2   1   0   -1  
584 -4  -6  -3  0   -2  0   1   -1  
585 -2  -2  0   2   2   8   0   -2  
586 3   1   -4  -1  -3  -13 -4  -3  
587 2   -1  -1  1   -3  -3  -2  -1  
588 -4  -3  -1  -2  1   25  3   0   
589 1   0   -3  1   -2  -7  -1  -1  
590 -4  0   -2  0   1   -3  0   1   
591 -5  -5  -5  -3  -5  -3  -1  -1  
592 -2  -4  -1  -1  -2  3   2   0   
593 -5  -4  -6  -6  -3  -2  -3  -3  
594 -1  -4  -3  -4  -3  -7  -1  -1  
595 -1  2   3   0   -4  -14 -5  -1  
596 -3  -4  -4  -5  -2  0   -1  -4  
597 3   -2  0   1   1   4   0   -1  
598 -1  -2  -1  -2  -1  0   0   -2  
599 -13 -7  -6  -5  0   0   -1  1   
600 -6  -2  -2  -3  -4  -7  -4  -2  
601 -9  -4  -2  -3  -6  -2  -1  4   
602 0   2   1   0   -3  3   -2  -5  
603 -1  2   -1  -1  0   -2  0   -3  
604 7   2   0   2   1   -2  0   4   
605 11  7   6   6   1   1   1   2   
606 -3  -3  -1  0   -2  1   1   2   
607 -3  -7  -4  -2  -3  -7  -2  -3  
608 -5  -2  1   0   1   13  0   0   
609 3   1   -2  -2  -5  -9  0   -1  
610 8   2   0   0   0   -1  -1  1   
611 -3  -3  -5  -2  -2  -6  -3  1   
612 3   0   -1  -2  -1  -1  0   0   
613 4   2   0   2   4   5   2   2   
614 13  7   6   6   9   10  1   -1  
615 -9  -8  -5  -2  -1  -2  -2  2   
616 -2  1   -7  -6  -9  -21 -5  -4  
617 -2  1   -4  -5  -4  2   -3  -9  
618 7   1   -1  -1  -1  -5  0   -1  
619 8   -2  -2  -2  1   -3  0   3   
620 -12 -5  -1  -4  -7  -12 -3  -3  
621 1   -1  -2  1   0   2   -2  1   
622 4   9   2   3   6   4   1   0   
623 -3  1   1   3   0   -5  -2  0   
624 -2  -1  -1  -2  -4  -8  -2  2   
625 4   0   -1  0   0   2   -1  -1  
626 -7  -2  -1  -4  -6  -4  -2  -1  
627 5   2   0   1   2   -4  1   5   
628 -3  3   4   1   3   1   1   -1  
629 -4  -3  -2  0   -3  -14 -2  5   
630 0   3   1   1   0   -2  -1  2   
631 -10 -4  1   0   1   -5  -2  2   
632 -7  -5  -3  -3  0   2   2   -2  
633 -4  -5  -4  -4  -6  -14 -2  -3  
634 -6  -3  -2  -1  0   -1  0   -2  
635 -3  -1  -1  0   -1  1   0   -3  
636 -5  -3  -1  -2  -3  5   -1  -2  
637 6   -3  -3  0   0   2   0   -1  
638 3   3   3   4   3   2   -1  0   
639 -4  -4  -4  -5  -4  -2  -1  -2  
640 -7  -5  -1  -3  -4  -3  0   2   
641 -7  -3  -1  -1  -2  -4  -1  0   
642 -1  -2  -2  -2  -1  -3  -1  -1  
643 2   0   -2  -2  -3  -5  -2  0   
644 -1  0   1   0   0   -3  -2  -1  
645 -3  2   2   2   0   5   -2  -1  
646 -9  -4  -2  0   1   -6  -2  0   
647 -8  -1  0   -1  -1  -1  -3  -3  
648 1   4   -1  1   3   7   0   0   
649 2   -3  -3  0   -2  2   -2  -8  
650 1   6   2   1   -1  -4  -1  -1  
651 1   0   0   0   -2  -2  -2  -1  
652 -19 -7  -6  -3  -5  2   -1  0   
653 0   2   3   1   1   -4  -1  -3  
654 4   2   1   2   4   11  0   0   
655 -5  -4  -2  -2  -3  -9  -4  -2  
656 2   1   -1  -1  -1  -1  -1  -1  
657 -1  1   0   -1  0   -3  -1  1   
658 0   -3  -3  -2  -3  -4  1   8   
659 5   0   -4  -2  -1  3   -1  0   
660 19  -1  -3  -2  -3  -2  0   34  
661 2   0   0   -2  3   -4  0   -9  
662 18  2   -1  -2  -8  -9  -2  -7  
663 -5  4   4   1   4   0   -6  -30 
664 -32 1   5   0   -2  -5  -6  -19 
665 14  0   -1  0   4   0   -1  -19 
666 -38 -14 -4  2   3   13  4   -4  
667 2   0   0   3   17  1   -5  -11 
668 36  0   -2  0   -1  -1  -2  -4  
669 -20 -4  -4  -2  0   -7  -2  30  
670 2   -7  -4  0   10  -5  -1  5   
671 -13 4   5   3   6   9   0   -4  
672 1   -3  -2  0   -6  -5  -4  13  
673 23  -1  -4  -2  -1  -7  -1  -7  
674 -13 -2  0   1   7   4   9   5   
675 7   -2  -2  -4  7   -3  -1  -21 
676 -17 -5  -3  2   7   13  3   -16 
677 6   3   1   4   3   3   -1  2   
678 -6  -5  -3  -2  -3  11  -2  -4  
679 5   1   1   1   -1  -4  -2  -9  
680 8   -4  -1  -3  -6  -7  -1  -26 
681 7   -2  -2  -2  7   -2  -1  -2  
682 10  5   2   1   -2  3   2   28  
683 23  4   3   4   13  7   1   5   
684 3   -2  -4  -7  -26 -22 -7  4   
685 8   -1  -1  -4  0   2   2   11  
686 -4  -3  2   3   8   4   2   2   
687 4   1   2   2   -9  2   1   -4  
688 10  -7  -8  -6  -6  0   -4  2   
689 -4  0   0   -3  4   -2  1   8   
690 3   -4  -2  -2  0   7   7   -5  
691 4   -3  -6  -1  6   -16 -9  3   
692 -14 -1  -2  -1  -1  8   -1  19  
693 -4  0   -1  0   -1  10  -3  0   
694 4   -1  3   -1  1   -5  3   -9  
695 4   -1  -1  -1  2   -2  -1  3   
696 -5  1   -1  -4  0   -5  -1  -1  
697 -13 0   5   5   2   10  2   14  
698 2   -2  -2  -3  -10 -5  0   0   
699 -2  -7  -6  -6  -6  -7  -3  -8  
700 -3  -2  1   -3  -7  -6  0   0   
701 -3  3   1   -1  2   -5  -5  3   
702 8   8   1   0   4   -2  1   -5  
703 -5  8   0   2   1   -12 0   0   
704 4   -2  -5  -8  -10 -14 -3  4   
705 -1  -2  0   1   6   12  -2  -1  
706 -2  0   -1  1   0   10  3   -2  
707 -12 -2  -1  0   3   4   1   5   
708 2   -1  -2  -4  0   10  3   1   
709 -5  -3  -3  -1  0   3   1   -7  
710 -2  0   1   2   6   24  4   6   
711 5   3   3   -1  -5  -11 -1  -5  
712 -2  -6  -1  -3  -9  -12 -5  1   
713 9   5   4   3   2   1   1   7   
714 -11 -4  -2  -5  -1  5   -1  -16 
715 -26 4   0   0   -2  -9  -2  4   
716 6   -7  -1  -4  -1  5   0   -1  
717 6   0   -2  -5  -9  -15 -4  -4  
718 -17 -1  1   0   3   10  0   -15 
719 5   5   0   -2  -5  -6  -4  0   
720 9   5   3   -4  -4  -9  0   18  
721 -22 -8  -4  -1  12  13  0   -5  
722 -31 -3  -7  -11 -7  -7  -9  11  
723 1   -4  0   1   -6  0   0   2   
724 -3  8   7   5   -5  -9  -8  -14 
725 6   5   4   2   0   12  -1  14  
726 -3  -1  -3  -2  -2  -11 -6  -9  
727 -19 -4  -2  -4  -7  9   -3  12  
728 7   -3  -2  -2  -3  -5  3   -5  
729 1   -3  -8  -4  -1  14  -5  16  
730 -1  2   6   1   5   10  0   22  
731 -22 -6  -3  0   4   -6  -2  14  
732 -4  -4  -4  1   0   6   4   -6  
733 5   -1  -2  2   0   -5  2   1   
734 13  2   -4  -4  -4  -3  0   -10 
735 3   1   2   -1  0   -2  1   3   
736 5   2   1   0   2   4   -1  -4  
737 -10 4   2   -1  -3  3   -6  -8  
738 9   3   1   2   2   -1  3   0   
739 -13 -5  -4  -5  -6  -9  0   -4  
740 0   -6  -4  -2  2   0   -2  -8  
741 -10 -2  -1  -1  3   -6  -2  -8  
742 -16 -3  -2  -5  -7  -21 -4  -5  
743 5   1   4   4   7   8   1   1   
744 -6  -2  0   -1  1   1   -2  13  
745 -2  -3  -3  -2  -4  3   0   -14 
746 3   3   0   0   -1  0   0   2   
747 0   0   -2  0   0   -1  -1  7   
748 -28 -12 -4  -2  2   8   1   -7  
749 12  3   2   0   -5  -8  -4  -3  
750 -3  1   0   0   8   7   0   1   
751 -3  -2  1   9   23  21  7   0   
752 -7  -2  -3  -3  -16 -10 3   1   
753 -1  -3  -3  -1  -8  -11 -2  0   
754 -6  0   2   -3  -11 -15 -5  0   
755 5   1   -1  2   7   10  1   -1  
756 1   0   2   1   -6  0   0   -1  
757 2   0   -2  -6  -11 -2  -2  -2  
758 3   0   1   0   -2  4   1   1   
759 -8  -3  3   4   11  6   6   0   
760 -3  -4  -3  1   5   1   0   -2  
761 -2  -3  0   3   8   3   -1  1   
762 1   4   5   2   -5  -5  -3  -1  
763 5   9   2   -1  -11 -7  -7  0   
764 18  2   2   1   1   2   1   -1  
765 -4  -3  0   1   0   -2  -1  0   
766 -3  -4  -2  -2  -1  2   -1  -1  
767 16  0   -2  -1  -1  -4  0   2   
768 2   -2  0   -1  0   0   0   0   
769 1   -1  1   -1  0   -4  -1  -1  
770 1   -1  0   1   0   1   -1  -1  
771 4   0   -2  0   -1  -3  -1  -3  
772 3   5   5   2   0   -2  -2  -2  
773 -7  -3  1   -1  -3  -2  -1  0   
774 1   2   -3  -5  -7  -7  -4  -3  
775 7   -2  1   -2  0   -1  -1  0   
776 -6  -8  -6  -5  -7  -4  -2  -1  
777 -4  -2  2   3   4   9   3   0   
778 -2  -3  -5  -4  -5  -3  -1  -3  
779 2   -2  -2  -2  -1  1   0   -1  
780 -3  -5  -4  -2  0   1   -1  -2  
781 -7  -2  0   -2  -1  -1  0   -2  
782 -5  -3  -5  -3  -5  -1  -1  -3  
783 -4  -8  -7  -2  1   5   2   -1  
784 -9  -7  -4  -7  -1  -3  -2  -4  
785 1   0   5   0   0   0   -1  -2  
786 5   3   4   1   0   -4  -3  -5  
787 22  9   -1  0   -4  -5  -4  0   
788 -6  -7  -8  -7  -5  -3  -1  0   
789 -6  -7  -6  -3  -1  1   -1  -2  
790 -5  -3  -4  -2  -1  -1  -2  -2  
791 -1  5   3   1   -1  -3  3   2   
792 -17 -6  -6  -4  -1  -3  -1  -1  
793 -1  -2  -2  -2  -1  4   0   -1  
794 4   -2  1   0   2   -5  -3  -3  
795 2   -1  -1  -3  -3  -5  -2  -1  
796 -1  -2  0   0   4   4   2   -1  
797 4   2   -2  -3  -1  -1  -1  -1  
798 -4  -3  -4  -3  0   1   0   -1  
799 -1  -3  0   -1  -2  4   3   -1  
800 -11 -3  2   -1  -2  -1  2   0   
801 -1  -1  3   2   0   -2  0   -3  
802 -1  0   -4  -2  -4  -6  -3  1   
803 2   -1  1   -1  -4  -4  -2  -2  
804 0   -1  1   -1  -1  0   -1  0   
805 3   -1  -6  -4  -6  -5  -4  -4  
806 3   3   5   1   1   1   0   1   
807 -1  -6  -4  -5  -3  -4  -2  -2  
808 -3  3   3   0   -1  0   -1  0   
809 6   -2  0   1   -1  2   -1  0   
810 0   -5  -6  -4  -3  -1  -1  0   
811 -8  0   0   -1  -1  -2  0   -1  
812 -2  -4  -4  -2  0   -1  -3  -3  
813 -2  -3  -1  -1  -1  -1  1   -1  
814 -6  -4  -1  -4  -8  -5  -1  -1  
815 0   1   0   0   2   -1  0   0   
816 0   -1  3   0   2   0   -1  1   
817 -3  0   0   -2  -2  -1  3   0   
818 -1  3   0   1   -3  -5  -4  -2  
819 1   -1  -3  -1  2   1   0   -2  
820 11  4   4   4   0   1   -1  0   
821 -3  -1  2   1   -2  -1  -3  -2  
822 -7  -3  -1  1   -1  -1  -3  -1  
823 1   -3  0   0   1   1   -1  -1  
824 -3  0   1   0   0   0   1   1   
825 -2  -1  0   0   1   1   -1  -2  
826 10  -2  -2  -1  1   2   1   0   
827 -7  -4  -4  -3  -2  -5  -2  -3  
828 7   5   4   2   0   -1  -2  0   
829 2   -2  -2  -3  -1  -5  -2  -1  
830 3   -5  -4  -3  2   0   1   0   
831 1   0   -2  0   1   1   -2  -1  
832 -2  0   -4  -1  0   -1  1   0   
833 -1  -3  -3  -2  -2  -2  0   -2  
834 -4  -4  -3  -2  1   4   -1  -2  
835 -8  -4  -5  -3  -10 -16 -9  -2  
836 -5  -5  -4  -3  3   3   1   -2  
837 1   -3  -2  3   1   0   1   1   
838 -3  -2  -1  0   1   1   3   1   
839 2   -2  0   -1  -2  0   1   -1  
840 -7  -4  -3  -4  -6  -4  -2  -1  
841 4   0   -3  -2  -3  -5  -4  0   
842 -5  -1  -1  -1  1   -3  -2  -1  
843 -7  1   3   0   1   2   1   0   
844 3   3   0   1   -2  -1  -2  1   
845 0   -1  0   -2  -3  -3  -3  -2  
846 2   -2  -1  -1  -1  0   1   -2  
847 -19 -10 -4  -4  -6  -6  0   0   