
1 0   0   0   0   0   0   0   0   
2 0   0   0   0   0   0   0   0   
3 0   0   0   0   0   0   0   0   
4 0   -1  -2  -6  -4  6   1   -1  
5 0   -2  -1  8   1   -2  -3  -3  
6 -2  -4  -4  -1  0   -2  -3  1   
7 0   1   -1  7   -2  -2  -2  -1  
8 1   2   3   0   -4  -4  -1  0   
9 1   2   1   0   1   6   2   -1  
10 -1  2   -1  4   -3  -5  -1  1   
11 -1  -3  -2  -2  -1  -3  -3  -1  
12 -2  -2  0   -3  -1  -5  -2  -3  
13 0   -1  -2  -9  -4  -2  -4  -2  
14 -1  1   1   -10 -3  2   1   -1  
15 -1  0   0   0   0   0   3   1   
16 -2  0   -1  1   -1  5   2   -2  
17 1   0   -2  -4  -2  -3  4   -1  
18 1   1   1   -5  -5  -5  -2  0   
19 -2  -3  1   1   -1  2   0   1   
20 -2  -3  -6  -5  -1  1   -1  0   
21 0   -2  -1  1   -2  0   -1  0   
22 0   0   -1  1   1   -1  -5  -1  
23 -3  -2  -3  -12 1   2   0   0   
24 0   2   1   5   0   -3  -4  -1  
25 1   1   0   2   2   1   2   1   
26 -1  -2  0   2   5   4   -1  0   
27 -2  2   0   -1  -6  0   0   1   
28 0   -2  -2  -5  -2  -3  -1  -1  
29 -1  -3  -2  3   -2  -2  -2  -1  
30 -1  -3  -4  1   -1  1   1   0   
31 0   -2  -1  1   -1  2   1   -2  
32 -1  -1  -1  0   -1  0   0   0   
33 0   -2  1   3   -1  -2  0   -2  
34 0   1   2   1   -2  0   -3  -2  
35 0   -1  -1  -2  -1  3   -1  0   
36 -1  -1  -2  0   0   0   1   -2  
37 -2  2   1   6   -1  -3  -1  -1  
38 -1  -3  -4  -5  1   -2  0   0   
39 -3  -3  0   3   -3  -2  -1  -2  
40 -1  0   -3  1   1   -4  -2  1   
41 0   0   -1  -1  2   3   -2  -2  
42 -1  -2  0   -4  0   1   1   2   
43 -1  -3  -1  -2  -2  0   -4  0   
44 2   -2  -2  -4  0   6   2   -2  
45 -1  -1  -3  3   1   2   -4  1   
46 0   0   -1  -2  -3  0   0   0   
47 0   1   -1  -2  1   3   -1  0   
48 2   2   -3  -2  1   2   1   0   
49 0   -3  -3  3   -1  -1  -2  1   
50 -1  0   -1  -13 -2  -5  -1  0   
51 -4  -2  -3  1   1   0   -2  0   
52 -1  -1  -2  0   0   1   1   -3  
53 0   0   2   -2  -1  -2  -2  0   
54 -1  -3  -4  -13 0   0   0   -2  
55 0   -4  -4  -6  0   -1  1   -1  
56 0   -3  0   2   1   0   1   0   
57 -1  -2  -6  -5  -1  -2  -1  0   
58 0   -2  -2  -6  -2  -4  -2  -1  
59 -1  -3  -2  0   0   -1  -2  0   
60 -1  0   -3  -4  1   3   1   -2  
61 -2  -3  -2  0   -1  1   0   -2  
62 -2  -2  -1  -3  -1  -3  -1  -2  
63 -1  -1  -1  3   1   -1  -1  1   
64 0   -3  -4  -3  -2  -3  -2  -1  
65 -3  0   1   4   0   1   -2  1   
66 1   -2  1   -2  1   0   0   -3  
67 1   -1  -2  1   -2  -3  -1  -3  
68 1   -3  1   -1  0   8   0   -1  
69 -1  -5  -5  -2  -2  3   0   -3  
70 0   0   -2  -2  2   2   -5  -2  
71 -1  1   1   -1  -2  -6  -5  -1  
72 -4  -4  -2  -4  -3  -2  0   -1  
73 -2  -1  -1  -1  0   2   -3  0   
74 -1  -1  -3  -3  -2  -5  -1  -2  
75 -1  -2  -4  -2  -3  -2  -1  -1  
76 -1  -2  -3  8   2   -6  1   -1  
77 13  -1  -2  8   1   -5  -7  -14 
78 -90 -5  -5  -8  -17 6   -23 -28 
79 22  -2  2   -37 -2  -12 -4  19  
80 -12 2   4   -1  17  -18 4   6   
81 -5  -1  -3  -10 2   6   -33 -25 
82 -10 -1  0   3   -3  -3  3   11  
83 8   1   -5  -7  -1  -2  4   15  
84 -10 -5  -2  -25 -9  -6  -9  -20 
85 -7  -3  -3  17  9   -1  -4  17  
86 13  6   0   -1  -2  -3  7   25  
87 3   -1  0   -12 -9  -16 -7  -4  
88 -47 -5  -5  -31 -4  -17 14  -4  
89 2   -3  -2  -9  -8  -4  1   -1  
90 1   3   -2  -10 4   17  5   -13 
91 -16 -3  0   -22 -16 -19 -7  4   
92 21  0   -5  -7  8   33  14  7   
93 -22 -3  1   13  3   -6  -13 -16 
94 -19 -4  1   9   0   1   -2  12  
95 6   3   4   -2  -11 -11 -3  -3  
96 29  3   -2  -10 -4  -14 2   -6  
97 15  3   -1  9   -4  2   -4  3   
98 -6  0   -4  -3  4   -1  19  9   
99 -1  -3  -1  -3  4   7   -3  -8  
100 -2  -2  -4  -19 -7  10  -28 8   
101 1   0   -3  -14 -1  -9  -14 -14 
102 -20 -2  6   19  -7  0   11  0   
103 -2  2   1   -3  -2  -2  0   2   
104 18  8   5   3   1   2   24  -10 
105 21  -5  -4  2   -3  5   -12 -3  
106 -16 -3  1   11  9   4   3   6   
107 -1  2   -1  -19 -3  11  16  7   
108 39  5   -4  -1  -16 -10 -11 8   
109 11  -3  -1  1   -2  -16 16  25  
110 -15 1   1   -1  -9  0   -4  -11 
111 -13 -4  -3  1   -5  -12 -2  -23 
112 -1  -2  -3  19  -2  -10 -4  8   
113 0   -7  -16 -25 -12 -1  1   6   
114 4   3   -1  5   -3  3   -6  1   
115 2   3   -3  4   -7  -12 -8  -4  
116 0   -3  -4  -2  9   0   5   7   
117 -4  -2  -3  6   3   6   6   21  
118 1   -2  -1  -11 8   34  6   -2  
119 -5  -5  -7  -27 -4  24  0   1   
120 4   1   4   -1  -7  -13 -40 -6  
121 17  -3  1   1   -7  -16 8   6   
122 2   3   3   10  -5  15  -13 -7  
123 2   -3  -3  11  2   0   -1  8   
124 5   1   2   -4  -5  -13 1   7   
125 8   2   -4  -35 -7  4   10  2   
126 -10 0   1   12  -1  -6  7   0   
127 -5  3   2   0   -1  3   -9  -22 
128 2   -2  -1  10  15  29  4   -1  
129 -10 -1  4   18  9   5   7   1   
130 -5  -2  2   -5  0   -14 -10 3   
131 8   -1  -3  2   -16 7   2   5   
132 -20 6   5   5   -1  24  -3  11  
133 -3  -1  -3  8   17  -5  3   1   
134 10  -1  -1  0   -1  -9  -9  -2  
135 3   0   3   10  -6  -14 8   -1  
136 0   -4  -4  7   6   -7  4   -2  
137 -10 -2  -3  -6  -4  -5  -2  5   
138 -8  -2  -1  -14 -13 -10 12  -3  
139 4   0   -1  -5  3   -16 -3  -1  
140 -7  -1  -2  5   -1  -22 -8  -3  
141 -7  -3  -5  -9  3   6   -1  -5  
142 -2  -2  0   -3  5   6   0   4   
143 -1  -3  -5  -3  0   -1  10  3   
144 -2  0   2   9   -3  -5  0   -3  
145 -1  0   1   9   -9  -10 7   3   
146 4   3   -2  8   12  1   -2  2   
147 0   0   -1  -4  -1  9   20  8   
148 1   -1  0   1   -14 -16 2   -15 
149 -8  -3  -3  -3  -9  14  6   3   
150 -6  -5  -2  -10 -7  -4  -5  -3  
151 -5  -2  -6  -4  0   0   4   2   
152 0   0   -3  -2  -3  3   1   -3  
153 0   -6  -5  -4  -4  -23 -12 -3  
154 1   1   -3  -15 -4  9   -2  -1  
155 4   -4  -4  -14 -3  -7  -7  -11 
156 2   -2  1   10  -2  27  0   0   
157 -1  4   5   8   4   -2  -31 -34 
158 -3  -3  -1  28  38  -5  -7  -8  
159 -11 -2  -3  -5  1   4   14  -6  
160 4   -2  1   -5  14  10  2   7   
161 2   0   -4  1   -7  0   -17 4   
162 -2  -5  -4  -13 -14 -16 -5  -1  
163 3   0   -2  -15 -4  -3  -2  0   
164 -3  -2  -3  3   0   -24 -35 -21 
165 -3  -1  1   -9  0   5   2   1   
166 -2  -1  -3  -5  -4  -5  -3  -3  
167 0   1   2   -1  -8  -5  -2  0   
168 1   3   4   -4  5   -2  2   -1  
169 -1  0   4   12  8   3   -2  -1  
170 -2  -1  -2  3   -4  -4  -1  0   
171 -1  -1  -1  -12 -13 -10 -3  -1  
172 0   -1  -1  0   2   -1  -1  -3  
173 -3  -5  -8  -22 -2  -1  -3  -3  
174 -1  0   1   -3  1   -5  -1  -4  
175 0   1   2   1   -4  1   1   2   
176 1   0   0   1   -1  -3  -2  0   
177 -1  -1  -3  0   0   -6  -1  -1  
178 -1  -1  -4  -7  -8  1   1   -1  
179 -2  -4  -3  -4  -2  -1  0   -2  
180 -2  1   0   -2  -8  -6  -4  -1  
181 -1  0   -1  3   -1  -3  -1  -1  
182 -1  0   0   -1  0   0   -1  -1  
183 0   -1  -2  -8  -1  2   -2  -1  
184 0   1   -1  4   0   7   -3  0   
185 -3  -3  -3  -4  0   0   -1  -2  
186 1   0   -2  -8  -2  -3  1   -1  
187 -1  -2  -5  -2  -6  0   -1  0   
188 -1  -2  -2  -1  1   5   0   -2  
189 -3  -2  -1  -7  2   0   -2  0   
190 -2  -1  -3  -2  -3  -1  -1  2   
191 0   1   -1  4   4   8   3   0   
192 1   0   1   3   0   0   -1  -2  
193 -2  -1  -1  -2  0   -2  -1  0   
194 -1  0   0   -1  1   2   -2  -2  
195 -2  -4  -5  -16 -2  0   1   -2  
196 -4  -2  -3  -8  -3  1   -2  -2  
197 1   0   -3  -3  -2  -2  0   0   
198 1   -2  0   4   0   -4  0   0   
199 1   2   0   11  -2  -2  0   -2  
200 -1  -1  0   2   -1  8   -1  0   
201 -2  -3  -1  -9  -8  -5  -2  0   
202 0   -1  -1  -2  2   -9  0   1   
203 0   -2  -3  0   1   -2  1   -2  
204 -3  -2  -1  -4  -4  -7  0   -1  
205 -1  -1  0   -5  1   9   2   -1  
206 0   -1  -2  -1  2   -2  0   -2  
207 -1  -2  -3  -3  3   -1  -1  -3  
208 1   -1  -2  5   0   -5  0   -1  
209 0   4   10  3   -9  -5  0   -2  
210 -2  -1  0   5   2   2   -2  -1  
211 -1  0   1   -8  5   1   -3  -1  
212 -2  0   -4  -3  -2  -3  -5  -2  
213 -1  -1  -2  -4  -2  3   -1  -1  
214 -1  -3  -3  3   1   2   3   2   
215 1   -2  3   -3  -4  -9  -1  -1  
216 0   -3  1   1   -1  -2  -1  0   
217 -1  2   -1  -2  0   -6  1   -2  
218 -2  -2  -1  -1  3   3   -3  -1  
219 0   -3  -4  -8  -2  2   -3  -1  
220 -1  3   1   -6  -6  -18 0   0   
221 -1  3   3   -1  1   -3  -2  0   
222 1   -2  -5  -13 -9  -3  -6  0   
223 0   -2  -5  -12 -6  -6  -3  -1  
224 0   -2  1   5   -3  -2  -1  -2  
225 -1  0   4   6   3   2   1   1   
226 -1  -2  0   1   0   -2  -2  -1  
227 1   2   -5  -2  -3  11  5   1   
228 -1  -2  -4  -1  -2  -5  -1  -3  
229 -1  -1  -1  -9  -1  1   -5  2   
230 -2  -4  -5  -2  -1  -1  0   -1  
231 0   -1  -1  3   -2  -3  2   0   
232 -3  -2  0   10  -5  -5  1   -1  
233 -3  -1  -2  -9  -8  -9  -3  -1  
234 4   2   -2  2   -3  -11 1   3   
235 0   -4  -8  9   -1  -4  1   0   
236 -1  -3  1   2   0   -2  -4  -2  
237 -2  -2  -3  9   -1  3   -1  1   
238 -2  -3  0   8   0   1   -1  -2  
239 -1  -1  -4  -2  -3  0   0   -2  
240 0   -3  -2  -2  3   5   1   -2  
241 -1  -2  -3  -4  0   2   -3  1   
242 -3  -3  -2  3   -3  -7  1   -1  
243 -2  3   2   -1  2   -1  -1  -1  
244 0   -2  -1  -6  3   1   2   0   
245 1   0   2   8   -1  2   -2  0   
246 -1  0   3   -3  -1  -2  -5  0   
247 -1  -1  -3  -2  0   -6  1   0   
248 0   2   -1  -15 -10 -5  -2  -1  
249 1   0   -1  1   -2  -2  -3  -1  
250 -1  2   0   -10 -1  -1  -1  -1  
251 1   0   3   2   2   7   0   -2  
252 -3  -5  -2  1   1   5   -1  -1  
253 -1  -3  -3  -6  -1  20  -1  -1  
254 -1  -1  -1  0   -1  -1  -3  0   
255 -3  0   -2  -6  -4  -5  1   -1  
256 -3  -2  -3  1   4   5   -9  -2  
257 -1  2   -1  9   2   -4  2   0   
258 1   -1  3   9   1   -3  -2  2   
259 -14 -5  -9  -24 -8  10  15  -15 
260 2   -2  0   0   -3  -5  3   -6  
261 5   -3  -1  6   5   -3  -11 10  
262 5   0   0   0   1   -13 -1  2   
263 -11 -2  1   0   6   15  -58 -14 
264 3   -1  -2  1   -3  4   -9  -5  
265 4   1   5   6   6   -9  -9  -5  
266 1   -4  -2  4   -5  -5  -1  4   
267 1   -2  -8  -27 -6  -6  -8  -2  
268 -1  0   0   7   -3  -5  -2  -5  
269 -3  -2  -2  2   -2  -8  -5  -1  
270 1   2   3   6   4   -3  1   -5  
271 0   0   1   7   7   8   -6  -1  
272 -1  -3  -4  -17 0   10  -2  -10 
273 -1  -1  4   4   -4  -13 2   0   
274 2   0   -3  -7  -1  -20 5   1   
275 2   -4  -5  2   0   -2  1   3   
276 -2  -3  -5  -26 -15 -10 -6  0   
277 0   4   4   13  3   3   1   0   
278 -2  -2  0   -4  3   1   -3  -2  
279 0   -2  -4  1   2   27  3   0   
280 -1  1   -8  -29 -6  -2  -2  0   
281 -2  -2  1   2   2   3   -4  -5  
282 0   0   2   1   -1  -4  -2  -3  
283 -1  0   -2  -1  3   6   12  1   
284 1   4   6   9   0   11  4   1   
285 1   2   1   -6  1   -3  3   1   
286 -1  -1  -1  7   -1  -13 -42 -6  
287 -3  -2  -4  0   -6  -4  4   -1  
288 0   -1  0   -4  2   3   4   1   
289 0   0   4   12  8   6   2   -1  
290 -2  0   0   -6  1   2   -2  -4  
291 0   -2  -2  -5  -5  -5  -8  4   
292 -2  -1  0   3   -4  -14 -7  -4  
293 -3  -2  -1  -14 0   -2  4   -10 
294 3   0   1   7   -2  -9  0   -2  
295 -1  -3  -3  -2  0   -6  6   6   
296 -1  1   3   11  1   -6  3   -4  
297 1   -1  2   0   3   9   0   -1  
298 -3  -5  -8  -16 -1  -1  0   -7  
299 1   -1  -1  -6  0   -2  -3  1   
300 0   1   2   4   2   0   -34 -2  
301 -1  -5  -8  -15 -6  -17 -2  0   
302 -1  -2  3   4   1   3   1   -4  
303 -3  -1  -4  -5  6   1   1   -1  
304 0   -4  -5  -19 0   14  -4  -5  
305 1   -2  0   3   -1  -10 -1  2   
306 0   3   2   0   -5  0   5   -1  
307 0   1   1   6   -3  -4  -8  1   
308 1   0   0   -26 0   -18 -34 -4  
309 0   -1  1   -8  0   0   -5  6   
310 -1  -2  -3  -9  -3  -6  0   -7  
311 1   0   -4  0   2   20  -26 -10 
312 -1  -3  0   4   1   -6  2   -3  
313 0   1   6   9   2   -12 -38 -8  
314 -3  -2  1   0   -6  -8  6   6   
315 0   2   1   -2  1   12  0   6   
316 -1  -1  -3  7   1   -5  0   -4  
317 -3  0   1   -12 -1  -5  9   0   
318 0   0   -2  -7  0   5   -14 -3  
319 0   1   -2  -10 -3  11  -5  -3  
320 -2  -1  -2  -8  0   -4  0   -4  
321 0   -3  -3  2   -2  -8  -3  -3  
322 -2  -2  -4  -1  2   23  -36 -8  
323 -2  0   -2  2   6   1   7   -4  
324 1   -1  1   -9  0   5   4   0   
325 -1  -2  -4  3   -4  -3  5   -10 
326 -3  -3  4   8   2   -5  8   -4  
327 4   3   2   -5  -1  -18 -8  2   
328 -1  -1  -4  -8  -2  -3  -5  -3  
329 0   -1  2   2   1   3   -6  -2  
330 2   5   1   -4  1   3   7   1   
331 -2  -1  -1  3   -4  -7  -3  -1  
332 -1  0   2   1   -5  -1  -1  -13 
333 -3  -3  -3  -7  2   36  -41 -2  
334 -2  -2  -8  -7  2   10  -8  -9  
335 -2  0   3   2   -1  -5  4   -3  
336 1   -1  -1  -13 -10 -10 3   -2  
337 -2  0   0   1   1   12  -5  4   
338 -2  0   0   4   9   6   -2  3   
339 -3  -6  -3  0   0   -5  2   -19 
340 -1  1   3   2   -3  -4  4   -3  
341 -3  0   -2  -12 1   5   -2  0   
342 0   -3  -2  -6  -1  -15 5   9   
343 1   -3  -3  -1  -8  -3  -6  -1  
344 0   2   5   1   1   -7  2   5   
345 3   0   -2  -2  -5  -19 -7  3   
346 1   5   11  -3  3   3   -7  1   
347 1   0   -4  -3  1   -5  -1  4   
348 3   0   -2  0   -3  -10 -6  -1  
349 -1  0   -2  2   1   2   -4  -2  
350 0   -4  1   1   1   1   -2  3   
351 -3  -2  1   3   -1  -3  -3  -1  
352 0   -4  -4  -3  0   -2  1   2   
353 -2  -3  2   8   3   1   2   -3  
354 -2  -1  2   8   0   -7  -6  -1  
355 -1  1   0   3   1   -7  -2  -2  
356 0   -1  0   -1  -2  5   0   -2  
357 0   -3  0   3   -9  2   -3  -1  
358 -2  4   1   -7  17  -4  -3  0   
359 0   -1  1   -10 -23 1   -3  2   
360 0   -2  0   -3  -20 -3  1   -1  
361 0   -5  0   5   8   -3  -1  -2  
362 -1  1   -1  4   5   9   1   0   
363 1   -3  -1  2   1   -8  -1  -1  
364 -1  -2  -2  -5  -2  -3  -1  -1  
365 -3  -5  -3  3   3   5   2   -2  
366 0   1   2   5   -2  -12 -3  -1  
367 0   -3  -3  -3  3   -2  -1  -3  
368 -1  5   2   -5  -9  -30 0   0   
369 2   6   8   -3  0   1   -1  1   
370 -2  -2  -3  4   0   -3  -2  0   
371 -3  -3  -4  -2  -1  6   4   0   
372 1   3   8   5   2   13  3   1   
373 0   -1  -1  9   1   -22 1   -1  
374 -3  -3  -4  -4  -2  0   1   1   
375 -1  4   3   2   5   12  5   0   
376 -1  0   1   1   -4  -8  -4  -2  
377 -1  -3  -1  -1  -1  2   0   0   
378 0   -3  -3  -3  -3  -6  -4  0   
379 0   3   0   7   3   6   4   -1  
380 -2  -2  -3  7   3   -2  -1  0   
381 -1  -3  -2  -2  -5  -8  1   -2  
382 -3  -4  -4  1   -1  -9  -3  -1  
383 -1  -2  0   4   0   3   -2  0   
384 -1  0   3   8   5   7   0   -1  
385 -3  -1  -1  -13 -2  -6  0   0   
386 -1  0   0   2   -3  -3  -3  -1  
387 -3  -1  -1  -8  1   10  -1  -1  
388 0   0   -1  6   0   0   -1  -3  
389 0   -3  2   9   -5  -11 -2  -2  
390 -1  1   -2  -1  -2  2   0   -1  
391 0   -1  -1  0   -4  -2  0   -3  
392 0   0   -1  0   -3  -16 -2  -2  
393 0   0   4   17  10  21  1   1   
394 -2  -3  -2  -1  -3  10  -1  -1  
395 -1  -1  2   10  4   -3  2   0   
396 1   -2  0   -5  2   2   0   0   
397 0   -1  2   -6  -7  -22 -3  -1  
398 1   -3  -3  -6  -4  -11 -2  -2  
399 -1  1   -3  -5  -4  19  -2  -3  
400 -1  -2  -2  -3  -1  -1  -1  -1  
401 0   -1  -2  1   -2  -22 -3  -1  
402 2   4   5   -1  0   -3  1   0   
403 -1  0   -1  -5  2   27  1   -1  
404 0   1   -3  -22 -8  -4  -2  -2  
405 -1  -2  -2  6   1   16  1   0   
406 -1  0   0   1   -6  -20 -5  0   
407 -3  -1  0   -4  -3  14  1   -3  
408 -1  -1  0   4   1   -3  0   0   
409 -3  -3  -3  3   -3  -17 -1  -2  
410 0   -1  -4  -4  -1  13  0   -2  
411 -2  -1  0   -5  0   -2  -1  0   
412 2   -1  0   0   -5  -3  -2  -1  
413 -1  -3  -4  -2  1   0   2   -2  
414 1   3   3   0   -1  6   0   -2  
415 -1  -2  -2  6   2   -14 1   0   
416 -1  -3  -1  8   -1  -1  -5  0   
417 -1  0   -1  -2  -1  0   -1  1   
418 -1  -2  -4  -5  -3  -9  0   -1  
419 -2  -3  -2  4   -2  -9  -5  -2  
420 -2  -1  0   1   0   11  0   -1  
421 -1  -1  -2  -3  4   9   3   -1  
422 1   -1  0   0   2   -7  -3  -1  
423 0   2   2   4   1   -15 -2  -1  
424 0   -1  2   2   2   -16 -1  1   
425 0   1   1   1   -6  -5  -1  -2  
426 -2  -4  -6  -3  -6  -11 -7  -3  
427 -2  -3  -4  3   0   -8  2   -1  
428 -3  -3  -1  0   -6  17  0   -1  
429 -1  1   -1  2   -3  -12 -4  0   
430 -2  -2  -1  -1  3   3   1   1   
431 -2  2   2   0   -3  3   -7  -3  
432 0   0   0   -8  -7  -13 -1  -2  
433 0   1   -7  -8  -3  -14 -3  -1  
434 2   -1  0   1   0   1   -1  -2  
435 0   -2  -1  -2  7   23  5   -1  
436 -1  -1  4   7   -12 -21 -3  -2  
437 -2  -3  -2  -7  0   0   -6  -1  
438 0   -5  -5  -10 -2  3   -3  -1  
439 -2  -3  -5  -8  -3  -3  -1  -4  
440 0   -1  -1  -1  1   0   0   -1  
441 -1  3   1   2   1   2   0   -1  
442 -1  -1  -2  -2  -1  11  -4  0   
443 -2  0   -2  2   -10 -9  -5  0   
444 0   0   2   2   2   -10 0   -1  
445 -1  0   1   -15 3   0   -1  -1  
446 -1  -1  -1  -6  -2  9   -2  0   
447 0   -1  -4  -7  -7  -2  0   -1  
448 2   1   -2  -13 2   9   -1  0   
449 1   2   4   -8  -1  0   1   -1  
450 -4  0   -2  2   0   -1  -3  -2  
451 -1  -1  1   -1  -4  0   -8  -1  
452 -1  0   -2  2   1   -2  0   -1  
453 3   -5  -2  -6  -2  -15 -5  -2  
454 -1  3   2   -7  -4  0   2   -1  
455 -8  0   0   -1  -14 2   -2  -5  
456 6   -4  -2  5   -4  -15 8   4   
457 -5  0   -1  -2  -7  -21 8   -3  
458 -4  6   7   -1  2   9   4   -6  
459 -11 -3  -4  -5  2   -3  9   -11 
460 -1  -2  0   23  8   -13 -2  -8  
461 1   1   5   17  9   -7  3   5   
462 -5  0   0   1   8   -7  -5  -5  
463 -5  -4  -3  -20 -8  -3  -1  -9  
464 -2  -1  -3  -9  -10 -16 -11 -2  
465 5   -4  -1  16  20  20  13  1   
466 2   -3  -11 -44 -13 3   3   3   
467 -3  2   -3  -23 -4  -4  1   -9  
468 3   -1  -3  -5  0   -12 -6  -5  
469 12  0   -2  21  7   22  2   2   
470 -1  0   3   8   3   -2  14  -11 
471 3   1   -5  -5  -3  -6  7   2   
472 -11 -2  2   -4  5   -5  -3  0   
473 -1  2   1   -4  4   8   14  2   
474 -14 -6  -5  -13 -5  -14 0   -2  
475 5   1   2   12  4   6   -4  2   
476 4   3   5   4   1   25  15  2   
477 1   -2  -2  2   -4  -22 -17 -5  
478 13  -1  -3  0   -8  8   5   -6  
479 -1  -1  -3  -8  -1  -11 1   0   
480 -5  -5  -5  -7  -7  -19 -6  -3  
481 -4  -2  -6  -6  8   33  2   13  
482 -1  -1  2   6   5   7   4   -7  
483 1   1   -1  -2  -8  -11 -2  -5  
484 -3  -3  -7  -4  -10 -12 1   -6  
485 -1  -4  -2  -2  -12 -11 -2  11  
486 -3  -2  -2  -6  0   -8  1   3   
487 -4  -4  -5  -6  3   -7  4   -9  
488 2   5   3   -11 -12 -12 3   5   
489 -1  -5  -2  -1  5   -2  14  3   
490 4   -2  -2  3   -7  -7  -5  4   
491 -1  2   3   -6  6   0   0   -6  
492 1   1   2   13  6   16  -3  5   
493 6   1   1   7   3   9   5   1   
494 -3  0   2   5   2   -12 -7  -6  
495 0   2   3   3   -5  -5  -3  -1  
496 -4  0   -2  6   1   7   14  5   
497 20  1   4   23  1   -3  -1  -16 
498 -10 -1  -1  -7  4   -2  1   -2  
499 -9  -6  -6  -20 -7  -1  -5  -3  
500 -13 0   -2  -15 7   21  7   13  
501 4   -3  -8  -14 -7  -12 -7  2   
502 -8  0   -1  -11 4   7   -6  -3  
503 -4  -1  0   10  -9  -9  -6  1   
504 -4  0   -1  -3  -2  -6  -5  -11 
505 -10 2   1   8   -2  5   -5  0   
506 -5  -3  -7  -7  -6  -29 -7  -4  
507 -2  2   3   -14 -6  18  -13 -8  
508 -6  2   -1  -2  6   16  -50 -30 
509 8   1   -2  -10 -7  -30 -1  2   
510 -6  -3  -4  5   -5  13  -17 -7  
511 3   1   2   4   5   -4  -7  -7  
512 -2  -5  -1  1   -4  -13 0   3   
513 1   -4  -7  -8  9   8   -17 5   
514 7   1   -2  -4  -11 -3  0   2   
515 -2  -4  -1  -6  -1  17  -5  9   
516 -1  -1  3   14  4   -3  2   -8  
517 0   1   4   18  -3  -15 -20 -6  
518 0   -2  -2  2   4   -1  5   7   
519 -5  -4  -1  -7  -15 -29 -1  4   
520 -5  -3  -4  -1  -1  5   -2  -11 
521 -8  4   7   1   2   -6  3   -11 
522 -6  -4  -4  8   9   20  -12 -9  
523 -4  0   -1  -12 3   7   35  1   
524 2   -4  -2  11  0   -3  9   0   
525 1   -5  -10 -15 -16 -29 2   2   
526 1   0   -3  -12 5   9   -2  1   
527 1   -1  2   -8  4   -8  5   1   
528 5   -3  -8  -9  5   17  -8  -7  
529 2   1   -1  -2  3   19  3   4   
530 -3  0   1   -5  -8  -17 5   1   
531 1   -2  -4  1   4   2   6   5   
532 -8  -3  -4  -17 -4  66  -4  -3  
533 -1  -3  5   41  0   2   1   1   
534 0   -2  0   15  1   -14 2   -2  
535 1   -1  3   6   -4  0   4   5   
536 2   0   3   3   -1  -6  -1  11  
537 0   0   0   16  8   8   -6  -4  
538 6   -2  1   10  -7  0   -11 -11 
539 1   0   2   -2  5   6   -3  4   
540 10  2   2   8   3   -2  3   2   
541 6   -1  -4  -18 -20 -51 -8  0   
542 3   -2  0   8   4   4   3   -1  
543 0   -2  0   18  15  3   -3  -4  
544 -2  -3  -1  13  1   15  3   0   
545 -5  -1  1   9   -1  -7  -7  -2  
546 6   1   4   -2  -12 -18 0   -2  
547 -10 -6  -10 -36 -9  35  8   -9  
548 -3  -3  -8  -14 2   11  0   2   
549 1   -6  -6  -1  5   1   -5  1   
550 1   -3  -3  18  10  9   -1  -1  
551 -1  -2  -3  -5  -63 -55 -10 -4  
552 3   2   5   9   12  19  4   2   
553 -1  1   -5  -4  18  -8  0   2   
554 0   1   -1  1   -6  -5  -1  -2  
555 -2  -3  -4  4   1   -2  1   -1  
556 -1  -1  -3  -6  0   26  2   -2  
557 -2  -2  -2  -8  -9  -13 -4  -1  
558 -1  1   0   0   -1  -12 -1  -1  
559 -2  -1  -2  0   9   19  1   -2  
560 1   -1  0   -3  -5  1   1   0   
561 -1  0   0   1   0   1   -2  -1  
562 -2  -5  -6  -2  -1  -1  -2  -1  
563 -1  -3  -5  -12 -5  6   -3  -1  
564 0   1   2   1   4   -11 0   0   
565 0   2   2   7   -3  -13 0   0   
566 -2  -2  -5  -12 -2  4   -2  -2  
567 1   1   1   11  9   11  0   -1  
568 -3  -3  -5  -17 -3  17  -3  -1  
569 -2  -1  -1  5   6   -2  -1  1   
570 -1  0   4   10  11  12  6   0   
571 0   0   -1  -7  1   6   0   0   
572 -1  -1  -2  3   0   13  -3  -2  
573 0   -2  -3  1   -5  3   1   -1  
574 0   -1  -2  0   -3  -3  0   0   
575 -1  0   0   2   0   -13 1   -1  
576 -1  -2  -1  7   -2  -9  -3  -1  
577 0   0   -1  0   -3  -3  -1  0   
578 -3  -1  -1  -1  -4  -8  -12 -2  
579 -1  -2  -3  -1  -2  -8  0   0   
580 3   3   5   8   2   -1  3   0   
581 -3  -4  -5  -1  -2  17  1   -1  
582 1   5   5   4   -1  3   0   -1  
583 0   0   -1  -3  0   -4  1   0   
584 -1  -2  -4  -6  -2  -4  -1  0   
585 1   -1  2   0   0   -7  0   0   
586 -1  0   -3  -1  -4  -2  2   -1  
587 -1  -1  -4  0   -2  0   0   -1  
588 -1  -4  -1  1   -1  -15 -1  1   
589 0   1   -3  -8  -6  -7  -7  0   
590 -3  -5  -1  -7  -2  -1  4   -1  
591 -2  -2  -3  -1  -2  -12 0   0   
592 0   -1  2   1   0   -9  -3  -1  
593 -2  -2  -2  -2  -7  -2  2   -1  
594 2   0   -7  -17 -2  -11 -3  1   
595 -2  -1  4   8   -11 -31 -9  -3  
596 0   2   3   -3  0   7   2   0   
597 1   1   -1  -18 2   26  1   2   
598 1   0   -1  7   4   -13 1   1   
599 -1  -2  -3  -5  -1  7   1   -1  
600 -2  -2  -2  2   4   0   1   -1  
601 1   1   1   -3  -2  1   -2  -1  
602 0   0   -5  -1  -1  -5  -3  -2  
603 -2  0   2   -2  -3  0   1   -1  
604 0   -1  2   -3  3   25  3   -2  
605 2   -2  -1  4   1   -7  -1  -2  
606 0   4   7   -8  -9  -15 -3  -2  
607 0   4   2   -18 -11 -8  -5  -2  
608 0   -1  -3  -2  2   2   -1  1   
609 1   -2  2   6   2   -4  -1  -2  
610 -1  -2  -3  3   3   -9  -2  -1  
611 -1  2   5   0   -4  -25 -4  -1  
612 -2  1   -3  -3  0   12  0   -3  
613 -1  -2  -5  -2  0   10  -1  0   
614 -1  -2  -4  -6  -9  -28 4   0   
615 2   0   1   -27 -7  8   -5  1   
616 -1  0   0   2   4   -11 0   -2  
617 -1  -2  2   4   -7  -10 -2  -1  
618 -2  -4  -5  4   1   14  0   -2  
619 -1  0   2   10  2   2   1   -1  
620 -3  -2  -4  0   -1  -4  -1  -2  
621 3   1   0   2   1   -17 -2  -1  
622 -1  0   -4  -3  2   3   -1  0   
623 1   2   2   -5  -4  -7  4   0   
624 2   1   2   14  4   -22 -2  1   
625 0   -1  1   -6  -2  0   0   -1  
626 -1  -4  -1  8   4   15  4   -1  
627 -2  -3  -6  -21 -9  -9  -6  -2  
628 -1  -2  -4  2   0   -12 -5  -2  
629 0   2   4   18  14  9   1   -1  
630 -2  1   -1  -17 -11 -16 -6  0   
631 -2  -1  0   5   -3  17  -1  -1  
632 0   -1  2   1   -2  -15 -6  -1  
633 1   1   -2  2   0   -4  1   -1  
634 -3  -1  -4  0   0   -1  0   0   
635 1   -1  -1  -6  4   17  1   1   
636 0   -2  -2  -11 -4  -6  -6  1   
637 -2  -3  -4  2   -2  -1  1   -1  
638 0   1   6   7   3   0   3   1   
639 -1  -1  0   4   -3  -19 -4  -3  
640 -2  1   -2  -3  1   -3  -2  -1  
641 -3  -6  -9  0   -7  -3  -1  -4  
642 0   -6  -4  7   6   9   -2  -1  
643 2   1   -4  -24 -8  -28 -3  -1  
644 -1  -2  -1  -1  -3  -2  -3  1   
645 -1  -3  -1  1   3   -9  -4  -1  