1 0   0   0   0   0   0   0   0    0 1 2 3 4
2 0   0   0   0   0   0   0   0    0 1 2 3 4
3 0   0   0   0   0   0   0   0    0 1 2 3 4
4 -3  -5  -3  -8  -27 -13 -5  -3   0 1 2 3 4
5 1   -1  -2  -4  0   -2  -1  -1   0 1 2 3 4
6 1   -2  0   2   15  3   0   -1   0 1 2 3 4
7 1   -1  0   3   7   3   -1  -2   0 1 2 3 4
8 -2  -1  -2  -2  -9  -3  -3  0    0 1 2 3 4
9 -1  1   -2  -1  -2  -1  0   1    0 1 2 3 4
10 -2  2   -1  0   -3  2   0   -2   0 1 2 3 4
11 -1  0   -1  1   -1  -3  -1  -1   0 1 2 3 4
12 -1  -2  1   0   9   -2  0   0    0 1 2 3 4
13 -1  -1  -1  -1  0   3   0   0    0 1 2 3 4
14 0   -1  -1  -1  4   2   -3  -2   0 1 2 3 4
15 -1  0   0   1   8   1   -1  0    0 1 2 3 4
16 0   -1  2   1   1   3   0   1    0 1 2 3 4
17 -1  -2  -2  -1  -8  -3  -1  0    0 1 2 3 4
18 -1  -1  -2  0   7   1   0   0    0 1 2 3 4
19 0   -1  -1  0   1   4   0   0    0 1 2 3 4
20 0   -1  -1  -2  -11 -6  -2  -2   0 1 2 3 4
21 1   -1  0   0   6   -2  1   -1   0 1 2 3 4
22 0   -3  -1  -4  1   -13 -1  -2   0 1 2 3 4
23 -3  -2  -7  0   3   7   -1  -2   0 1 2 3 4
24 -1  -3  -3  5   6   8   1   -1   0 1 2 3 4
25 -1  1   16  -11 -9  -2  -1  -2   0 1 2 3 4
26 -3  -5  -4  -10 1   -6  -18 -3   0 1 2 3 4
27 6   5   6   4   2   10  7   18   0 1 2 3 4
28 -24 15  -3  -3  -7  5   109 24   0 1 2 3 4
29 -2  -3  -2  1   -7  -6  2   -28  0 1 2 3 4
30 9   9   -7  30  74  38  -1  9    0 1 2 3 4
31 72  8   2   -5  -25 -20 17  49   0 1 2 3 4
32 62  -5  1   -30 -52 -21 111 55   0 1 2 3 4
33 5   3   -1  -2  4   3   -18 13   0 1 2 3 4
34 3   0   2   28  50  26  -4  16   0 1 2 3 4
35 5   -15 -4  -6  -6  -2  -24 -29  0 1 2 3 4
36 -36 3   9   13  18  35  9   2    0 1 2 3 4
37 24  -1  -3  -3  -1  -2  -21 -6   0 1 2 3 4
38 20  0   -4  -9  -20 -8  32  -22  0 1 2 3 4
39 -66 -13 1   27  68  15  -23 1    0 1 2 3 4
40 -32 -5  -5  55  71  7   -15 -5   0 1 2 3 4
41 1   12  15  -45 -12 -17 2   6    0 1 2 3 4
42 -4  -6  -6  24  3   -4  1   1    0 1 2 3 4
43 -10 1   10  -48 -4  -1  4   -4   0 1 2 3 4
44 -9  -3  -7  -25 -9  -4  -1  1    0 1 2 3 4
45 1   -5  -7  -5  -3  -8  -33 -12  0 1 2 3 4
46 -3  3   -1  5   7   -3  -2  0    0 1 2 3 4
47 -10 -5  -1  -4  1   -1  0   -9   0 1 2 3 4
48 -33 -10 -10 10  10  -1  -10 -18  0 1 2 3 4
49 17  4   1   -1  -3  -2  0   11   0 1 2 3 4
50 1   0   0   9   8   0   1   1    0 1 2 3 4
51 2   0   0   0   2   2   1   1    0 1 2 3 4
52 6   -1  -3  6   4   0   5   4    0 1 2 3 4
53 8   -1  -3  2   2   2   2   8    0 1 2 3 4
54 0   1   1   12  6   1   -1  5    0 1 2 3 4
55 -8  -2  -4  3   1   -2  -2  -10  0 1 2 3 4
56 4   1   0   5   2   1   -4  1    0 1 2 3 4
57 -4  1   0   3   1   0   3   -3   0 1 2 3 4
58 -2  -3  -2  -2  -2  -2  3   2    0 1 2 3 4
59 -3  0   -1  -5  -1  0   2   -2   0 1 2 3 4
