
1 -2  -6  -9  -13 -6  -3  -2  2   
2 -1  -5  -18 -16 10  -1  0   -2  
3 -2  -3  1   6   7   1   -2  -3  
4 -3  -3  -8  -7  -1  -4  -3  -2  
5 1   2   3   2   -5  0   2   0   
6 -1  1   -1  2   24  0   -1  -1  
7 -4  -4  -8  -13 19  -7  -4  -4  
8 -2  -1  1   -2  10  -3  -1  -3  
9 3   9   14  14  20  -3  0   1   
10 -1  -2  4   8   7   -3  -2  -2  
11 0   0   -2  -6  -9  0   -1  1   
12 -2  -1  -7  -3  14  0   -3  -1  
13 1   0   -5  -6  -2  5   0   0   
14 -2  -1  0   0   -7  1   -3  0   
15 0   1   8   13  26  6   2   -1  
16 1   3   -1  -7  -1  -9  -2  -1  
17 -4  -2  0   2   3   3   -2  -1  
18 1   -1  -4  -9  -7  5   0   0   
19 -1  -2  0   2   6   1   1   -1  
20 -2  1   -2  -5  -22 -8  0   0   
21 -1  -1  3   -6  0   -3  0   0   
22 -2  -3  -1  -2  -31 -5  -1  -1  
23 -1  -1  4   11  0   1   -1  -1  
24 2   4   11  25  58  7   -1  0   
25 -1  -4  -7  0   7   -3  -3  -2  
26 -2  -1  -4  -13 3   -6  -4  -4  
27 -1  2   0   -3  -11 1   0   0   
28 -3  -4  -5  8   0   3   -1  -1  
29 -2  -6  -4  -6  13  -1  -2  -2  
30 3   1   2   -10 -8  1   1   2   
31 -1  1   -1  4   -2  -4  -1  -1  
32 1   2   2   1   -8  -1  -3  -2  
33 -2  -3  -5  -5  -21 1   1   0   
34 3   1   3   2   9   -7  1   -2  
35 -1  -4  -2  6   13  -3  -2  -2  
36 -2  -1  1   1   -10 -5  -1  1   
37 -1  -2  -7  -8  -15 -2  0   -1  
38 -1  2   -3  -17 -5  -1  -1  -3  
39 -2  0   -2  0   4   3   0   0   
40 -1  -4  -5  0   44  -10 -2  -3  
41 0   5   3   4   13  1   1   1   
42 -1  1   2   23  -3  2   0   3   
43 0   0   2   1   6   -3  0   -1  
44 -3  -1  -4  -9  -6  1   -2  -3  
45 -3  -3  0   3   -17 0   0   -2  
46 -3  0   -2  -4  7   4   1   -3  
47 -2  1   -2  -3  -3  3   0   0   
48 -1  0   0   -4  -4  -7  0   -2  
49 1   -1  0   -2  -9  -1  0   0   
50 0   1   2   7   7   -2  -2  -1  
51 0   2   6   2   5   -1  1   -1  
52 1   0   -4  -7  -3  -1  0   1   
53 2   2   6   -9  -13 -1  0   -1  
54 -2  -2  1   1   -4  -6  -2  -3  
55 0   0   4   4   -1  -1  0   0   
56 -3  -1  6   11  -7  -5  -3  1   
57 -2  -3  1   7   17  -2  -1  -3  
58 1   2   -2  0   9   1   0   0   
59 0   0   1   -2  7   0   -1  0   
60 -1  -2  0   -4  -3  -4  -3  0   
61 -1  0   3   7   -10 -5  -2  -1  
62 1   3   5   5   37  0   1   0   
63 0   -2  0   -2  -3  -11 0   -1  
64 -2  -4  -1  -6  -14 -6  -2  -3  
65 -2  0   -2  -1  1   -3  0   -2  
66 -1  -1  -3  -4  1   0   1   -1  
67 -1  -1  0   -1  7   -1  0   -1  
68 -2  -2  -1  2   1   2   0   -2  
69 -2  -1  0   4   13  -2  -1  0   
70 -1  -1  -3  12  11  -2  -2  -1  
71 -2  1   0   -2  0   1   -1  -2  
72 -3  -3  -11 -11 -21 -2  -1  0   
73 0   1   2   0   -4  -2  -1  -1  
74 -3  -3  -2  7   4   2   -1  0   
75 -1  0   -3  -2  -5  -2  -1  -2  
76 -2  2   -4  -20 -12 -8  -1  -1  
77 -1  -3  -6  0   1   -3  -1  -3  
78 1   2   2   4   -9  1   1   1   
79 -2  -1  0   2   -15 -2  0   0   
80 -1  -3  -4  -5  -14 -9  -4  -2  
81 -1  1   4   -1  1   -3  -1  -2  
82 -2  -5  -2  -9  -39 -16 -12 -3  
83 -1  -2  -1  4   24  -7  -10 -3  
84 -2  -7  -7  -7  -38 1   9   -1  
85 -3  -4  -8  8   5   -2  -3  1   
86 0   0   4   6   31  -5  8   2   
87 -11 -9  -7  -5  21  -44 -53 -15 
88 14  29  36  33  2   59  7   5   
89 3   -6  -19 -33 -2  26  -1  23  
90 -18 -1  -17 -57 -58 -17 90  -8  
91 -17 10  19  -9  -23 -47 -24 107 
92 68  -8  16  -11 13  -37 -60 -109
93 39  30  11  -37 43  56  127 1   
94 -2  5   27  73  11  -86 7   -81 
95 64  68  59  23  -1  8   -70 89  
96 14  -18 -60 -29 -1  4   -26 54  
97 9   -17 -22 16  -72 -58 -42 -41 
98 28  23  22  -6  -40 19  -31 -28 
99 4   20  27  0   18  46  13  -85 
100 -18 -11 -67 -86 -24 -58 -32 -81 
101 -29 -10 -37 -2  42  67  -29 -128
102 24  -18 14  -18 -40 8   -14 78  
103 7   -28 -58 -68 1   -21 11  77  
104 -8  -8  -32 28  33  20  88  -28 
105 -11 -24 -69 -56 6   -24 64  21  
106 -65 -32 -46 17  32  -48 -34 -128
107 48  1   -21 -14 -14 -1  31  -99 
108 -31 -5  11  60  5   56  18  -71 
109 -40 -26 -16 -6  23  36  -25 -40 
110 16  -8  -30 -3  6   50  50  39  
111 20  18  34  26  -7  26  1   -86 
112 29  0   -26 -31 5   2   -20 -101
113 22  8   27  55  11  -33 21  94  
114 -9  -16 -50 -111-3  -37 -29 -79 
115 -19 1   0   -26 -6  76  -36 -26 
116 33  0   -32 -32 8   -58 -6  63  
117 15  12  9   -8  -5  80  107 38  
118 -47 -9  21  -15 -15 60  54  55  
119 -15 -22 -12 15  24  1   -97 36  
120 -5  18  9   19  10  -19 45  -105
121 8   7   -15 33  12  -37 -118-33 
122 7   4   5   -6  -23 16  3   -51 
123 27  10  29  -22 -10 -28 17  34  
124 27  3   2   -26 -11 -34 -23 19  
125 35  21  41  45  -24 -40 -2  12  
126 -25 -12 -12 -11 -15 -90 -106-71 
127 -7  -21 -44 -15 21  39  -41 35  
128 -19 8   23  19  31  13  29  -10 
129 2   5   -4  50  2   -77 3   77  
130 -18 20  43  28  -28 -56 -10 -128
131 -11 -7  -2  21  -3  -8  -9  -69 
132 4   -5  -9  -27 10  15  25  -17 
133 0   4   -23 -45 4   57  78  -23 
134 20  17  11  19  20  19  -2  -59 
135 5   9   -26 -45 -26 -22 20  -38 
136 8   -18 -47 -35 11  8   31  -10 
137 27  15  21  -15 4   -2  -3  0   
138 17  -5  -5  1   20  1   7   -60 
139 14  -2  -22 7   10  43  47  27  
140 29  3   -18 -17 -14 -22 6   -37 
141 17  17  41  48  12  30  29  59  
142 2   24  56  74  15  19  -70 70  
143 -34 -26 -63 -67 -6  2   -45 -79 
144 13  0   -34 -27 13  2   34  6   
145 11  -5  -17 0   -17 17  31  5   
146 2   0   6   -8  -5  7   42  13  
147 2   -7  -4  -14 -8  10  22  74  
148 -1  -4  -21 -26 9   30  23  5   
149 1   4   23  17  1   -22 2   53  
150 28  -8  -20 -18 -4  -16 34  92  
151 8   13  17  10  16  32  28  18  
152 33  9   12  -7  -7  -31 -38 21  
153 24  22  32  15  -20 -16 54  88  
154 -10 1   5   16  14  31  -63 72  
155 -2  2   26  16  -1  -10 48  -3  
156 -5  -7  -13 -22 -10 -40 -43 -33 
157 -15 2   12  42  -3  44  82  -32 
158 -13 -1  6   12  -1  -17 105 11  
159 -16 -7  -15 -16 7   22  -12 -51 
160 8   10  22  11  -2  -15 5   -39 
161 -6  -16 -20 -1  -7  -63 -72 -44 
162 -14 -12 -30 -11 -8  -44 -1  -42 
163 14  16  -6  -20 14  60  79  -25 
164 -1  -5  5   -23 -24 -46 -51 105 
165 0   -9  -26 -29 4   43  -7  5   
166 -1  1   -6  3   7   8   -16 -30 
167 3   8   -2  27  8   10  20  -50 
168 -8  -2  -1  -4  1   1   -16 16  
169 28  15  15  6   17  -4  -26 -63 
170 -4  -1  -22 -35 17  40  65  1   
171 -20 -16 -35 -40 14  -7  5   -10 
172 -1  13  19  14  -18 -3  30  30  
173 -17 -17 -23 -27 -7  -22 -32 -12 
174 -9  5   11  -10 -4  17  11  -9  
175 0   -10 -4  -12 -42 -80 -115-14 
176 3   12  14  6   -11 12  23  53  
177 1   3   5   7   13  6   -21 7   
178 3   -4  -11 -5  0   12  10  -9  
179 -7  -11 -20 -22 4   0   -17 10  
180 10  -3  7   26  -1  -27 -13 66  
181 -4  -2  1   -10 -8  -5  -21 4   
182 25  9   4   -3  -5  -6  0   -3  
183 -10 5   2   1   2   -2  -5  1   
184 -9  -3  -3  -9  -32 -5  -10 -1  
185 39  6   4   4   -30 5   8   14  
186 -4  -3  3   7   5   -2  -4  -3  
187 -4  -4  -7  -15 -32 2   -1  2   
188 -4  0   -1  6   46  -6  -9  -5  
189 -5  -4  -3  4   33  1   0   1   
190 -8  1   0   -11 -15 5   2   1   
191 5   -4  -7  -21 -34 -8  -5  -3  
192 -14 -5  -3  -1  0   0   -3  -4  
193 -9  0   -4  4   49  -5  3   -1  
194 11  2   -3  4   5   -5  -2  -1  
195 13  4   -2  -17 10  9   11  3   
196 10  -11 -2  2   39  5   2   -1  
197 -5  0   -5  -7  3   -6  -5  -3  
198 -32 -7  -3  -3  9   9   0   -2  
199 -2  3   -3  -16 -47 -6  0   0   
200 -3  -7  3   -6  -17 2   -1  -1  
201 5   4   -1  -15 -5  0   -1  0   
202 -25 2   4   12  28  0   -1  -6  
203 9   3   6   7   -7  -1  2   2   
204 14  -1  -1  9   13  -2  -1  -1  
205 -1  -4  -3  0   -1  -1  0   0   
206 6   2   3   2   -8  -5  -2  -1  
207 13  2   4   6   -3  2   3   1   
208 -7  -2  1   12  32  2   0   -1  
209 -2  0   -1  0   -7  -5  0   -2  
210 1   0   3   4   3   0   -1  -1  
211 -5  6   -1  1   16  -7  -1  1   
212 -1  -2  -4  3   26  3   2   0   
213 -3  -3  3   -5  -1  -3  0   -3  
214 3   -2  1   -4  -2  -3  -1  -1  
215 -1  -2  0   -1  -2  1   0   0   
216 -4  -5  -8  4   19  -9  -4  -4  
217 4   -3  -3  -2  5   1   2   -1  
218 -1  -3  -3  -5  -16 -5  -3  -2  
219 0   0   -1  -7  -15 -2  -1  0   
220 1   4   8   7   2   -1  2   2   
221 1   -1  0   8   33  2   -2  1   
222 -1  -3  -1  2   7   -2  1   -2  
223 1   -1  1   -3  3   5   3   3   
224 1   -2  -4  0   8   -3  -2  -1  
225 -2  -2  -3  -1  -15 -13 -4  -2  
226 0   2   4   6   11  2   -1  -1  
227 0   0   0   1   14  -1  0   0   
228 -2  -1  1   1   -7  1   -1  -1  
229 1   0   -1  -8  -4  -3  -2  -1  
230 -2  -4  -5  -1  5   -6  -2  0   
231 -1  1   0   0   4   2   -3  -2  
232 -1  -4  -1  -2  5   6   0   -1  
233 -1  -2  -4  -5  -3  -9  -2  -1  
234 -2  -2  -6  -1  5   1   0   -1  
235 -3  -4  0   5   1   2   1   0   
236 0   -2  -2  3   16  1   0   0   
237 1   1   0   8   -3  3   2   1   
238 -1  -4  -6  -9  -24 0   -1  1   
239 -1  1   -2  -1  12  -4  -2  -1  
240 -1  -3  -2  5   15  -1  -2  -2  
241 0   -1  -3  -15 -25 3   0   -1  
242 -2  -2  0   -4  -10 2   -2  -1  
243 0   1   1   5   -8  -2  -1  0   
244 -3  0   0   6   9   3   3   -2  
245 0   0   -3  -4  -3  -2  0   -1  
246 0   1   1   1   -17 -5  -3  -2  
247 -3  -5  -6  -6  -17 -4  -1  0   
248 -2  -4  -5  -5  -28 -2  1   -1  
249 0   -1  -2  1   13  -2  0   -3  
250 0   3   8   16  27  10  1   1   
251 -1  -2  -2  0   2   0   0   0   
252 -2  -1  -3  -2  -16 1   0   0   
253 -2  0   2   -2  1   1   -1  1   
254 -2  -3  1   2   6   -6  -4  -2  
255 1   2   2   -1  -5  -1  -1  0   
256 -1  5   3   -9  -23 -8  -2  1   
257 0   -5  -5  -7  -9  -3  -2  -2  
258 0   -4  -3  -3  -9  -2  -4  1   
259 -2  0   -1  1   -5  -1  0   -1  
260 2   3   4   3   1   3   -2  -1  
261 1   1   3   -2  -9  1   0   0   
262 1   1   4   5   -3  3   1   1   
263 -1  -1  -4  4   -25 1   0   0   
264 -2  -3  -3  -2  -4  0   0   -3  
265 0   0   0   -5  0   10  0   1   
266 2   4   7   3   -10 -3  1   1   
267 -1  1   1   4   9   -1  0   1   
268 -2  -3  -6  -2  11  -3  1   0   
269 1   1   0   3   13  3   1   0   
270 -2  3   2   -2  -7  2   2   0   
271 -2  -2  4   2   10  0   -4  -1  
272 0   -2  1   -1  1   10  3   0   
273 0   0   2   6   7   -6  -4  -3  
274 1   -1  -1  6   21  0   -1  -1  
275 0   0   2   1   1   0   -1  0   
276 -3  0   -1  -5  -11 4   0   1   
277 1   1   1   -5  11  5   0   0   
278 -1  1   1   -2  -9  -1  0   0   
279 2   -1  0   -5  4   -6  -3  -2  
280 5   0   0   5   17  1   0   0   
281 -2  1   1   -5  -14 7   -1  -5  
282 0   12  4   10  -5  3   0   -19 
283 20  27  42  37  86  16  12  22  
284 28  8   -8  -11 -59 -24 -26 -16 
285 -21 1   1   18  42  9   11  11  
286 18  -1  -4  -7  -31 -4  0   0   
287 3   -7  -6  8   -18 -11 1   1   
288 -4  2   1   8   25  -8  -5  -18 
289 2   8   27  -23 -48 -12 -3  0   
290 41  -3  -6  -6  -65 -6  6   23  
291 10  -3  -4  -7  -50 -1  -2  -4  
292 -16 -5  -2  5   -19 -9  -7  -4  
293 3   4   10  20  33  -1  0   3   
294 -13 -4  0   11  17  0   -2  3   
295 22  -4  -1  -17 -40 -3  -8  3   
296 -9  -9  -11 -13 6   2   2   0   
297 -19 4   1   2   16  6   3   4   
298 7   0   2   21  46  25  5   -1  
299 8   -10 5   8   -10 5   2   -7  
300 -14 0   -5  -7  -10 3   -7  -4  
301 23  -3  -1  5   -3  10  2   -5  
302 4   -1  -2  6   -6  -4  0   1   
303 13  -6  -14 -26 -70 7   1   9   
304 35  -5  -6  -14 -8  -6  -5  -7  
305 4   3   6   19  26  25  10  -3  
306 0   -10 -1  0   -17 8   8   -2  
307 1   -2  -2  0   -9  -2  -1  2   
308 -12 -3  -2  -2  -31 -8  -8  -11 
309 0   -3  -5  -5  2   33  -1  -2  
310 14  -8  -2  -5  -4  -19 -1  8   
311 26  4   3   10  30  -6  6   -4  
312 -3  -10 -7  -8  -31 -11 -6  -6  
313 1   4   8   13  34  20  2   -4  
314 2   -4  -8  -10 37  36  4   7   
315 2   6   19  26  1   -6  0   3   
316 -1  3   1   -9  -14 -1  1   -7  
317 12  3   -3  -7  -40 -24 -19 -11 
318 0   -1  -8  -25 -56 -21 -9  -4  
319 6   1   6   7   29  9   11  10  
320 -1  -2  -6  -2  6   4   -3  -5  
321 -8  -3  2   -8  1   2   -1  1   
322 4   -5  -5  5   23  -1  0   13  
323 -16 -1  5   11  -5  7   3   0   
324 16  -1  -6  2   39  -4  3   3   
325 2   1   -6  -1  8   0   -3  -6  
326 0   -2  -1  -5  -12 13  -2  -3  
327 -2  -2  -6  3   -6  2   4   0   
328 17  1   4   30  10  -25 -1  -3  
329 -9  -1  1   35  12  5   -8  -4  
330 7   3   10  39  21  -2  -3  5   
331 -9  1   -6  -6  -12 -9  -7  -11 
332 -10 3   4   16  11  8   0   1   
333 -29 -4  -1  -2  -57 20  6   -4  
334 -1  1   -2  -17 18  1   -2  -3  
335 -2  2   13  30  27  -2  -9  -3  
336 -23 -4  -5  -6  -13 -1  -4  -3  
337 -7  3   -1  -4  16  9   5   0   
338 3   -1  0   7   4   15  -2  5   
339 -7  -1  7   17  13  12  -9  -1  
340 -2  -3  -7  -14 8   2   2   -2  
341 -8  -5  -6  -10 -24 -26 0   -3  
342 -11 1   1   0   -7  -2  -1  -1  
343 -9  -3  0   17  21  18  -3  -3  
344 -14 -5  -4  -7  9   -2  2   0   
345 9   6   0   -11 -3  0   2   1   
346 -4  2   8   19  33  1   2   -1  
347 -9  -7  -6  7   25  27  1   -2  
348 0   -1  -6  1   15  3   1   -2  
349 0   -1  -2  2   3   0   2   2   
350 -3  -5  -8  -8  4   -6  -6  -3  
351 -5  -3  -2  10  -2  5   0   -3  
352 -2  1   3   6   -1  -4  0   -2  
353 0   -1  -1  9   7   -13 -5  -3  
354 -4  -4  -3  -3  -3  12  -5  -1  
355 -2  1   1   -6  7   0   -1  0   
356 0   4   1   2   10  -1  1   0   
357 -3  0   -2  -15 -33 -5  -4  -2  
358 5   1   4   -4  -3  -7  -3  0   
359 -2  -2  1   -3  -18 -9  -2  0   
360 -9  -3  -2  -7  0   -1  -2  -2  
361 1   0   1   6   -5  3   -1  1   
362 0   -3  -3  -1  -7  0   1   -2  
363 5   7   17  2   -18 -21 77  8   
364 -53 -54 -81 -77 -92 -66 -68 -72 
365 -8  4   -31 8   17  -12 -92 -55 
366 37  9   -30 -12 58  24  110 127 
367 19  14  -19 14  -4  14  17  108 
368 -4  -10 -9  -55 -39 -42 -59 -110
369 10  -12 -24 -44 -44 -31 -36 41  
370 2   4   0   117 23  56  88  62  
371 27  5   25  28  35  -3  -28 -35 
372 20  -3  26  70  26  15  42  5   
373 31  8   -3  -25 -37 15  -9  24  
374 -87 -29 -1  -85 -16 18  54  -35 
375 13  23  37  47  56  40  20  -6  
376 4   -6  -17 18  -15 -5  -11 -18 
377 -16 -2  2   3   17  5   6   -14 
378 10  5   -2  18  29  5   14  6   
379 -2  -2  8   9   18  43  -5  1   
380 10  9   17  7   24  22  -7  8   
381 -4  -5  -5  1   -39 -23 -5  -4  
382 -4  6   10  -16 -30 -14 -84 -10 
383 39  -19 -1  29  28  -5  0   -20 
384 -1  15  12  1   15  28  100 19  
385 -5  12  28  22  3   -115-1102   
386 -15 -37 -45 95  55  6   -11 -74 
387 31  -13 -53 18  88  51  1   -44 
388 70  4   -54 -64 20  19  20  -53 
389 6   -5  -27 2   -22 28  14  28  
390 11  0   -10 -6  -25 38  12  -27 
391 20  0   -9  10  -3  -11 -1  1   
392 10  4   -4  -14 4   6   35  28  
393 12  -7  8   -15 -21 -44 6   101 
394 18  26  35  7   -16 -79 12  -51 
395 -19 -5  -5  -18 -5  -64 -84 -50 
396 32  15  0   -12 15  -32 9   -35 
397 9   -6  -15 -16 5   5   14  4   
398 10  -2  -18 -20 15  -10 -24 -21 
399 0   2   37  1   -42 -11 63  22  
400 101 23  15  12  31  17  38  -7  
401 45  7   26  30  4   43  96  84  
402 -8  4   -2  34  76  -6  -12 -47 
403 -74 -6  1   -41 -24 16  -24 3   
404 2   -4  -3  3   17  -18 3   -10 
405 0   0   4   6   17  4   2   -12 
406 -6  -1  5   -2  -17 3   -1  -1  
407 6   -2  -3  -4  -9  -5  1   1   
408 -3  -5  -6  12  17  2   -2  -3  
409 -2  -5  -1  1   10  -1  0   -1  
410 0   0   0   -15 -33 5   -3  0   
411 1   2   2   1   3   -17 -51 3   
412 -17 -8  14  -16 -42 -47 -119-65 
413 -10 -21 -65 -2  13  52  34  23  
414 17  12  0   -7  15  -50 -14 65  
415 98  55  55  51  -3  47  12  -67 
416 -26 -9  -20 -8  25  -32 3   9   
417 8   -4  -25 -86 -10 -47 40  10  
418 -5  4   43  34  -14 -20 -56 -16 
419 3   -4  -14 -3  -15 13  -56 -27 
420 11  7   17  18  8   -14 -26 8   
421 21  3   1   15  18  -29 -8  -19 
422 25  36  94  54  1   75  29  85  
423 -7  1   -20 12  29  8   -54 -57 
424 1   -2  -3  5   -1  17  -17 52  
425 -13 6   37  -26 -26 -59 -66 -32 
426 -22 -3  -5  2   -18 -33 -73 -54 
427 -5  14  55  18  -31 -27 18  25  
428 15  -1  -8  27  -5  -2  17  17  
429 50  24  4   -8  20  -4  -6  1   
430 -31 -19 5   7   59  6   17  45  
431 74  -1  1   -22 8   11  15  90  
432 4   -13 -7  -15 -38 -24 11  21  
433 17  1   14  16  21  15  -12 -15 
434 -25 -10 -5  -7  12  -12 -12 -17 
435 33  1   -6  18  40  8   -4  -2  
436 -1  8   13  18  24  18  9   4   
437 1   4   4   10  23  -8  -4  -25 
438 -1  -3  -6  -4  -11 -3  -10 -3  
439 3   -5  -6  1   8   31  25  2   
440 7   5   2   12  0   34  94  20  
441 -17 -17 -17 0   -8  -41 -115-53 
442 15  0   3   1   -45 38  62  21  
443 10  2   27  43  26  -4  -32 -1  
444 78  -15 -128-75 72  -99 -128-115
445 -35 -11 -25 -17 -1  29  -63 -70 
446 -36 -6  -8  31  -20 -94 -66 -25 
447 -3  2   -3  3   30  15  55  40  
448 -22 6   37  -28 -31 -20 23  -13 
449 -3  24  74  37  -31 -93 -85 46  
450 -7  2   13  22  7   -3  16  -2  
451 4   -12 -30 -12 10  -37 -26 -6  
452 0   -1  -3  -7  -16 1   23  11  
453 13  3   -4  -9  -7  19  30  -13 
454 -5  0   9   10  16  0   23  4   
455 44  6   -14 -12 6   -21 -5  -2  
456 107 65  42  75  84  35  38  41  
457 -128-4  34  53  103 35  -48 -117
458 -35 8   7   -86 -57 35  26  83  
459 18  -11 -10 -5  -48 -9  -20 -14 
460 8   0   -9  -14 5   -10 -1  20  
461 7   4   3   7   5   3   2   0   
462 3   -23 -32 18  -14 -8  1   -1  
463 -3  3   5   26  35  10  -6  -1  
464 1   7   -1  -21 -6  3   6   -3  
465 2   -6  2   7   30  -7  -28 -9  
466 -8  -2  -3  -28 17  104 79  0   
467 2   0   -3  0   20  -25 58  -2  
468 -1  0   2   17  -17 -84 -26 -5  
469 -44 -19 31  50  24  -48 -20 113 
470 5   7   -4  36  23  1   12  -98 
471 7   9   -2  -6  -11 20  -27 -7  
472 -21 15  52  62  11  -87 -37 -35 
473 15  -11 -13 -18 -16 -20 21  27  
474 -27 -19 -28 -16 -5  -18 13  -11 
475 11  -1  -9  -20 -4  23  -4  0   
476 -4  9   31  32  -11 -19 -43 5   
477 0   3   6   1   3   0   -27 0   
478 15  -12 -17 -20 -11 -7  2   15  
479 -32 -2  -1  -2  1   17  18  6   
480 5   6   8   6   -4  -3  23  0   
481 -6  11  16  0   -16 0   9   6   
482 58  9   -18 -89 -94 -24 20  -1  
483 -18 6   -5  -30 -52 9   8   -61 
484 -71 -9  5   -25 37  15  51  21  
485 51  7   4   36  43  -11 -11 12  
486 -6  0   0   16  1   -7  0   8   
487 23  1   -4  -21 11  32  11  10  
488 3   1   2   -2  -11 -16 3   10  
489 -1  -9  -9  5   27  18  -2  -1  
490 -13 -12 -11 -7  -1  12  22  -4  
491 6   9   12  19  2   108 95  11  
492 0   -9  -9  -13 -7  20  83  -8  
493 15  28  32  -24 15  6   27  2   
494 18  -7  -22 14  24  26  29  36  
495 33  7   -28 -31 8   96  36  0   
496 27  10  -6  -10 -14 67  18  -58 
497 -34 -25 -16 -4  -9  -54 -24 31  
498 56  22  -13 -18 -21 -54 37  74  
499 -1  9   36  -28 -14 87  26  44  
500 60  17  -8  28  19  -13 26  29  
501 53  -1  -2  23  7   -12 2   81  
502 11  21  25  1   6   15  -31 -33 
503 47  -1  -4  -1  -7  -7  17  -37 
504 48  16  21  -3  15  26  21  31  
505 -30 0   -12 -41 -5  -28 -54 -88 
506 11  2   -2  -1  9   48  6   16  
507 11  -11 -12 -30 -31 -29 -5  -29 
508 -29 -3  7   18  11  4   -24 -16 
509 -8  13  17  -7  -93 5   30  9   
510 -4  18  44  65  6   45  22  5   
511 -2  4   -4  -26 -5  6   -1  7   
512 3   1   -9  -34 -34 2   1   7   
513 3   6   14  50  70  1   1   3   
514 -13 -3  9   23  -23 13  6   14  
515 -9  -1  4   19  6   -10 -8  2   
516 11  6   10  -10 -122-13 -8  -6  
517 -1  0   0   13  28  -19 0   6   
518 -2  -6  -15 -22 -7  -26 -5  -6  
519 -2  -3  2   -2  3   -3  2   -1  
520 6   14  3   -5  -5  4   2   4   
521 -2  -4  -5  4   6   0   1   -1  
522 0   5   6   8   0   3   -7  -4  
523 -1  -4  -4  -2  0   -5  -5  -1  
524 0   -4  -6  7   2   1   3   2   
525 0   2   10  5   -1  5   5   5   
526 -2  -3  -3  3   0   -4  4   -3  
527 0   -8  -19 -10 -1  -18 -23 14  
528 -1  -4  -4  0   -1  2   -1  0   
529 -1  1   2   7   -1  1   1   -3  